-0.012966137674847535
-0.01336942150226916
-0.013369421502269158
-0.012966137674847535
-0.013369417704848835
-0.014252787189523771
-0.014737827034160092
-0.01473782703416009
-0.014252787189523771
-0.013369417704848834
-0.012966132676524515
-0.014252785601023015
-0.01525562450888199
-0.01580955883612959
-0.01580955883612959
-0.015255624508881991
-0.014252785601023013
-0.012966132676524513
-0.013369415957937164
-0.014737824043182458
-0.015809559794167424
-0.016403507670253774
-0.01640350767025377
-0.01580955979416742
-0.01473782404318246
-0.013369415957937163
-0.013369415957937163
-0.014737824043182458
-0.01580955979416742
-0.01640350767025377
-0.01640350767025377
-0.01580955979416742
-0.014737824043182456
-0.013369415957937163
-0.012966132676524515
-0.014252785601023015
-0.01525562450888199
-0.015809558836129594
-0.01580955883612959
-0.01525562450888199
-0.014252785601023013
-0.012966132676524513
-0.013369417704848834
-0.014252787189523773
-0.01473782703416009
-0.01473782703416009
-0.014252787189523768
-0.013369417704848832
-0.012966137674847533
-0.01336942150226916
-0.013369421502269156
-0.012966137674847535
-0.011586833065678554
-0.01235241856483117
-0.012772789188353277
-0.012772789188353277
-0.01235241856483117
-0.011586833065678554
-0.01195785820082252
-0.013221545564524428
-0.01421636106705734
-0.014769602789578996
-0.01476960278957899
-0.01421636106705734
-0.013221545564524428
-0.01195785820082252
-0.01158682763585848
-0.01322154436336752
-0.014769599160156965
-0.016009939394768788
-0.016708127744572275
-0.016708127744572275
-0.016009939394768788
-0.014769599160156967
-0.01322154436336752
-0.011586827635858478
-0.01235241519388157
-0.014216359272964564
-0.01600993316601393
-0.01746723426543951
-0.018295504225631084
-0.01829550422563108
-0.01746723426543951
-0.01600993316601393
-0.014216359272964562
-0.012352415193881573
-0.012772782265514768
-0.01476959807957003
-0.016708116387068078
-0.01829550251897522
-0.01920267554290442
-0.01920267554290442
-0.018295502518975215
-0.016708116387068078
-0.01476959807957003
-0.012772782265514766
-0.012772782265514765
-0.01476959807957003
-0.01670811638706808
-0.018295502518975215
-0.019202675542904418
-0.019202675542904418
-0.018295502518975215
-0.016708116387068078
-0.014769598079570031
-0.012772782265514766
-0.012352415193881573
-0.01421635927296456
-0.016009933166013925
-0.017467234265439505
-0.018295504225631084
-0.018295504225631087
-0.01746723426543951
-0.01600993316601393
-0.01421635927296456
-0.01235241519388157
-0.011586827635858478
-0.01322154436336752
-0.014769599160156965
-0.016009939394768788
-0.016708127744572275
-0.016708127744572275
-0.016009939394768788
-0.014769599160156964
-0.01322154436336752
-0.011586827635858476
-0.011957858200822518
-0.01322154556452443
-0.01421636106705734
-0.014769602789578992
-0.014769602789578992
-0.014216361067057339
-0.013221545564524428
-0.01195785820082252
-0.011586833065678554
-0.012352418564831168
-0.012772789188353277
-0.012772789188353277
-0.01235241856483117
-0.011586833065678554
-0.010118193891554751
-0.010807748903944713
-0.011187469079115596
-0.011187469079115596
-0.010807748903944713
-0.010118193891554751
-0.009508506477291262
-0.01080774689724117
-0.012029232130867607
-0.013001796752070307
-0.013546879836086908
-0.013546879836086908
-0.013001796752070305
-0.012029232130867607
-0.01080774689724117
-0.009508506477291262
-0.010807747017525892
-0.012497355833274989
-0.01413763010139932
-0.015480805523660338
-0.016248412781235833
-0.016248412781235833
-0.015480805523660341
-0.01413763010139932
-0.012497355833274989
-0.010807747017525892
-0.010118189411539703
-0.012029229186955745
-0.014137624231289201
-0.016248406440360703
-0.018025336647016714
-0.019060939108767796
-0.019060939108767792
-0.01802533664701671
-0.016248406440360706
-0.014137624231289201
-0.012029229186955745
-0.010118189411539703
-0.010807742082992644
-0.013001793038450633
-0.015480795809957556
-0.018025335303007123
-0.020217140852558373
-0.021515948813725684
-0.021515948813725684
-0.020217140852558366
-0.018025335303007123
-0.015480795809957556
-0.013001793038450633
-0.010807742082992643
-0.011187459944414727
-0.013546869317349925
-0.01624839899496577
-0.019060933791941986
-0.0215159416786386
-0.022984917837032395
-0.022984917837032395
-0.0215159416786386
-0.01906093379194199
-0.016248398994965767
-0.013546869317349924
-0.011187459944414729
-0.011187459944414727
-0.013546869317349925
-0.01624839899496577
-0.01906093379194199
-0.0215159416786386
-0.022984917837032395
-0.0229849178370324
-0.0215159416786386
-0.01906093379194199
-0.01624839899496577
-0.013546869317349925
-0.011187459944414727
-0.010807742082992646
-0.013001793038450633
-0.015480795809957556
-0.018025335303007123
-0.02021714085255837
-0.021515948813725684
-0.021515948813725684
-0.02021714085255837
-0.018025335303007123
-0.015480795809957554
-0.013001793038450633
-0.010807742082992643
-0.010118189411539703
-0.012029229186955745
-0.014137624231289201
-0.016248406440360706
-0.01802533664701671
-0.019060939108767792
-0.019060939108767796
-0.018025336647016707
-0.016248406440360703
-0.014137624231289201
-0.012029229186955741
-0.010118189411539703
-0.010807747017525895
-0.012497355833274989
-0.014137630101399323
-0.015480805523660338
-0.016248412781235837
-0.016248412781235833
-0.015480805523660338
-0.01413763010139932
-0.012497355833274987
-0.010807747017525893
-0.009508506477291262
-0.01080774689724117
-0.012029232130867606
-0.013001796752070305
-0.01354687983608691
-0.01354687983608691
-0.013001796752070305
-0.012029232130867604
-0.01080774689724117
-0.009508506477291262
-0.010118193891554751
-0.010807748903944713
-0.011187469079115596
-0.011187469079115598
-0.010807748903944713
-0.010118193891554751
-0.008021652655512121
-0.008551687354707066
-0.008842714824186313
-0.008842714824186313
-0.008551687354707066
-0.00802165265551212
-0.007779680778801203
-0.008842708743403092
-0.009842110620051192
-0.010637842612628139
-0.011083815472370332
-0.01108381547237033
-0.010637842612628137
-0.00984211062005119
-0.008842708743403094
-0.007779680778801203
-0.007779679317998834
-0.00915338577134011
-0.010637839953809654
-0.012092697323417848
-0.013294163287961513
-0.01398488682159703
-0.01398488682159703
-0.013294163287961513
-0.012092697323417848
-0.010637839953809656
-0.00915338577134011
-0.007779679317998834
-0.008842704134025723
-0.010637835570343881
-0.012666111801163584
-0.01474799501894383
-0.01654132506317625
-0.017603977477267167
-0.017603977477267167
-0.016541325063176245
-0.01474799501894383
-0.012666111801163584
-0.010637835570343881
-0.008842704134025723
-0.008021647579753084
-0.009842097956745613
-0.01209269071556313
-0.014747989415134655
-0.017603969361537228
-0.020175717574605963
-0.021750647235076637
-0.021750647235076637
-0.02017571757460597
-0.017603969361537228
-0.014747989415134654
-0.01209269071556313
-0.00984209795674561
-0.008021647579753082
-0.008551675215597264
-0.010637833496682193
-0.01329414790752213
-0.016541307426274417
-0.020175704809079143
-0.02357936768330124
-0.025727183033400974
-0.025727183033400974
-0.023579367683301235
-0.020175704809079147
-0.016541307426274413
-0.01329414790752213
-0.010637833496682193
-0.008551675215597264
-0.008842700703144961
-0.011083804319531054
-0.013984870748855217
-0.017603961235871317
-0.021750622823557133
-0.025727161171363037
-0.028283401790134614
-0.02828340179013461
-0.025727161171363037
-0.02175062282355713
-0.017603961235871317
-0.013984870748855214
-0.011083804319531054
-0.008842700703144961
-0.008842700703144963
-0.011083804319531054
-0.013984870748855216
-0.017603961235871317
-0.021750622823557126
-0.025727161171363037
-0.028283401790134614
-0.02828340179013461
-0.025727161171363037
-0.02175062282355713
-0.017603961235871317
-0.013984870748855217
-0.011083804319531052
-0.008842700703144961
-0.008551675215597264
-0.010637833496682195
-0.01329414790752213
-0.016541307426274413
-0.020175704809079147
-0.02357936768330124
-0.02572718303340097
-0.025727183033400974
-0.02357936768330124
-0.020175704809079147
-0.016541307426274417
-0.013294147907522131
-0.010637833496682193
-0.008551675215597262
-0.008021647579753084
-0.009842097956745613
-0.01209269071556313
-0.014747989415134652
-0.017603969361537228
-0.02017571757460597
-0.02175064723507664
-0.021750647235076633
-0.02017571757460597
-0.017603969361537228
-0.014747989415134655
-0.01209269071556313
-0.009842097956745613
-0.008021647579753084
-0.008842704134025724
-0.010637835570343881
-0.012666111801163584
-0.014747995018943829
-0.016541325063176248
-0.01760397747726717
-0.01760397747726717
-0.01654132506317625
-0.014747995018943829
-0.012666111801163584
-0.010637835570343881
-0.008842704134025724
-0.007779679317998834
-0.00915338577134011
-0.010637839953809656
-0.012092697323417848
-0.013294163287961513
-0.01398488682159703
-0.01398488682159703
-0.013294163287961513
-0.012092697323417848
-0.010637839953809654
-0.00915338577134011
-0.007779679317998835
-0.007779680778801204
-0.008842708743403092
-0.009842110620051192
-0.010637842612628137
-0.01108381547237033
-0.01108381547237033
-0.010637842612628139
-0.009842110620051192
-0.008842708743403092
-0.007779680778801204
-0.008021652655512121
-0.008551687354707066
-0.008842714824186313
-0.008842714824186313
-0.008551687354707066
-0.008021652655512121
-0.006050869202044458
-0.006239068925400157
-0.006239068925400156
-0.006050869202044458
-0.006438850255209362
-0.007119296269124582
-0.0076549693248270535
-0.007952868656475974
-0.007952868656475973
-0.007654969324827053
-0.007119296269124583
-0.006438850255209362
-0.006877655887498437
-0.007952865643800025
-0.008996686974841812
-0.00985143606585906
-0.010339916166466737
-0.010339916166466739
-0.00985143606585906
-0.008996686974841812
-0.007952865643800024
-0.006877655887498437
-0.006877652592575311
-0.008273878604563831
-0.009851428359895836
-0.01147067272741811
-0.012865466809226556
-0.013691978741531283
-0.013691978741531283
-0.012865466809226553
-0.01147067272741811
-0.009851428359895836
-0.008273878604563831
-0.00687765259257531
-0.006438843202768306
-0.007952858949724894
-0.009851423105604534
-0.012129679962641485
-0.014626775831394621
-0.016917194997990916
-0.018339546743169594
-0.018339546743169594
-0.016917194997990916
-0.014626775831394621
-0.012129679962641485
-0.009851423105604532
-0.007952858949724896
-0.006438843202768306
-0.007119289778227455
-0.008996676358177223
-0.011470658338454906
-0.014626760976953744
-0.01833952535411205
-0.02199823539728559
-0.024401618685924404
-0.024401618685924404
-0.02199823539728559
-0.018339525354112048
-0.014626760976953743
-0.011470658338454905
-0.008996676358177223
-0.007119289778227455
-0.006050859966717108
-0.007654959061302073
-0.009851419651668502
-0.012865447762855389
-0.016917158760323327
-0.021998230969120413
-0.027361126814606618
-0.03108773853940287
-0.03108773853940287
-0.027361126814606618
-0.02199823096912041
-0.016917158760323323
-0.012865447762855389
-0.009851419651668504
-0.007654959061302073
-0.006050859966717109
-0.006239058826408395
-0.007952855521823681
-0.010339894694784494
-0.013691949710802277
-0.01833950515388347
-0.02440157528169463
-0.031087710015799113
-0.035909323545843426
-0.035909323545843426
-0.031087710015799117
-0.024401575281694628
-0.01833950515388347
-0.013691949710802275
-0.010339894694784493
-0.00795285552182368
-0.006239058826408396
-0.006239058826408396
-0.00795285552182368
-0.010339894694784493
-0.013691949710802273
-0.018339505153883474
-0.02440157528169463
-0.031087710015799117
-0.03590932354584342
-0.03590932354584342
-0.031087710015799113
-0.02440157528169463
-0.018339505153883467
-0.013691949710802275
-0.010339894694784494
-0.00795285552182368
-0.006239058826408395
-0.00605085996671711
-0.007654959061302073
-0.009851419651668504
-0.012865447762855389
-0.016917158760323323
-0.021998230969120413
-0.027361126814606618
-0.031087738539402873
-0.03108773853940287
-0.027361126814606618
-0.02199823096912041
-0.016917158760323323
-0.012865447762855387
-0.009851419651668502
-0.007654959061302073
-0.006050859966717109
-0.007119289778227454
-0.008996676358177226
-0.011470658338454908
-0.014626760976953743
-0.01833952535411205
-0.02199823539728559
-0.024401618685924404
-0.024401618685924404
-0.02199823539728559
-0.018339525354112048
-0.014626760976953743
-0.011470658338454908
-0.008996676358177224
-0.007119289778227455
-0.006438843202768305
-0.007952858949724898
-0.009851423105604532
-0.012129679962641485
-0.014626775831394621
-0.016917194997990916
-0.018339546743169594
-0.01833954674316959
-0.016917194997990916
-0.014626775831394621
-0.012129679962641485
-0.009851423105604534
-0.007952858949724896
-0.006438843202768304
-0.006877652592575311
-0.008273878604563831
-0.009851428359895836
-0.011470672727418113
-0.012865466809226553
-0.013691978741531285
-0.013691978741531285
-0.012865466809226556
-0.011470672727418111
-0.009851428359895836
-0.00827387860456383
-0.00687765259257531
-0.006877655887498437
-0.007952865643800024
-0.008996686974841812
-0.00985143606585906
-0.010339916166466737
-0.010339916166466737
-0.00985143606585906
-0.008996686974841812
-0.007952865643800024
-0.0068776558874984375
-0.006438850255209363
-0.007119296269124581
-0.0076549693248270535
-0.007952868656475973
-0.007952868656475973
-0.007654969324827052
-0.007119296269124582
-0.006438850255209362
-0.006050869202044457
-0.006239068925400156
-0.006239068925400156
-0.006050869202044458
-0.004456479772187049
-0.004750937324781833
-0.004912619116637595
-0.004912619116637595
-0.004750937324781834
-0.004456479772187049
-0.004456477777100603
-0.005085215129089473
-0.005680622969517948
-0.0061576787086002945
-0.006426204319810099
-0.006426204319810099
-0.006157678708600293
-0.005680622969517948
-0.005085215129089474
-0.004456477777100601
-0.004599178008458098
-0.005467834701055582
-0.006426198753633443
-0.007385647607156021
-0.008193339722009746
-0.008664079639698988
-0.008664079639698986
-0.008193339722009746
-0.00738564760715602
-0.006426198753633442
-0.005467834701055582
-0.004599178008458098
-0.004456474206160452
-0.005467833882070313
-0.00671816066768896
-0.008193331882918094
-0.009779988288515496
-0.011208743350351559
-0.012083709449107822
-0.012083709449107822
-0.011208743350351557
-0.009779988288515498
-0.008193331882918093
-0.00671816066768896
-0.005467833882070312
-0.004456474206160453
-0.0050852112015561494
-0.00642619526627078
-0.008193327946550328
-0.010447696205555511
-0.013099656635523368
-0.015713032982855767
-0.01742977451105034
-0.017429774511050343
-0.015713032982855767
-0.013099656635523368
-0.01044769620555551
-0.00819332794655033
-0.006426195266270781
-0.0050852112015561494
-0.00445647523916225
-0.005680615357732894
-0.007385637276698675
-0.009779976319745328
-0.013099647112513171
-0.01742973088327251
-0.0222055601354797
-0.025649588778755485
-0.025649588778755485
-0.0222055601354797
-0.017429730883272508
-0.013099647112513171
-0.009779976319745328
-0.007385637276698674
-0.0056806153577328945
-0.00445647523916225
-0.004750928532672794
-0.00615766698309036
-0.008193331651157796
-0.011208718859384743
-0.01571299589282221
-0.022205525423361655
-0.030255982007235505
-0.036666087695623836
-0.03666608769562384
-0.030255982007235505
-0.02220552542336165
-0.01571299589282221
-0.011208718859384742
-0.008193331651157796
-0.00615766698309036
-0.004750928532672794
-0.004912607373729902
-0.00642619154921244
-0.008664059223537196
-0.012083672390740773
-0.01742964408635743
-0.02564948187108452
-0.03666597417075455
-0.04592731414103743
-0.04592731414103743
-0.03666597417075454
-0.02564948187108452
-0.017429644086357426
-0.012083672390740773
-0.008664059223537197
-0.00642619154921244
-0.004912607373729902
-0.004912607373729902
-0.00642619154921244
-0.008664059223537196
-0.012083672390740773
-0.01742964408635743
-0.025649481871084522
-0.036665974170754546
-0.04592731414103742
-0.04592731414103742
-0.036665974170754546
-0.025649481871084512
-0.01742964408635743
-0.012083672390740773
-0.008664059223537196
-0.00642619154921244
-0.0049126073737299015
-0.004750928532672793
-0.006157666983090362
-0.008193331651157798
-0.011208718859384743
-0.01571299589282221
-0.022205525423361648
-0.030255982007235508
-0.036666087695623836
-0.036666087695623836
-0.030255982007235508
-0.02220552542336165
-0.01571299589282221
-0.011208718859384743
-0.008193331651157796
-0.006157666983090361
-0.004750928532672794
-0.00445647523916225
-0.005680615357732894
-0.007385637276698675
-0.00977997631974533
-0.013099647112513173
-0.017429730883272508
-0.022205560135479703
-0.025649588778755485
-0.025649588778755485
-0.022205560135479703
-0.017429730883272508
-0.013099647112513168
-0.009779976319745328
-0.007385637276698675
-0.005680615357732894
-0.004456475239162249
-0.00508521120155615
-0.006426195266270781
-0.008193327946550328
-0.01044769620555551
-0.013099656635523368
-0.015713032982855767
-0.01742977451105034
-0.01742977451105034
-0.015713032982855767
-0.013099656635523368
-0.010447696205555511
-0.008193327946550328
-0.006426195266270781
-0.00508521120155615
-0.004456474206160453
-0.005467833882070313
-0.00671816066768896
-0.008193331882918094
-0.009779988288515496
-0.011208743350351557
-0.012083709449107822
-0.012083709449107822
-0.011208743350351557
-0.009779988288515496
-0.008193331882918094
-0.006718160667688959
-0.005467833882070313
-0.004456474206160453
-0.004599178008458098
-0.005467834701055582
-0.006426198753633443
-0.00738564760715602
-0.008193339722009748
-0.008664079639698988
-0.008664079639698988
-0.008193339722009748
-0.007385647607156022
-0.006426198753633443
-0.005467834701055583
-0.004599178008458097
-0.004456477777100602
-0.005085215129089475
-0.00568062296951795
-0.0061576787086002945
-0.006426204319810099
-0.006426204319810099
-0.0061576787086002945
-0.005680622969517948
-0.005085215129089474
-0.004456477777100601
-0.004456479772187048
-0.004750937324781834
-0.0049126191166375946
-0.004912619116637595
-0.004750937324781834
-0.004456479772187049
-0.0025932308038066993
-0.002850562338417089
-0.0030511310095813478
-0.003161919061951313
-0.003161919061951313
-0.0030511310095813473
-0.002850562338417089
-0.0025932308038066993
-0.002850561579774288
-0.003280703924357811
-0.0036946076069241268
-0.004030901818539377
-0.004222048983431294
-0.004222048983431294
-0.004030901818539377
-0.0036946076069241268
-0.0032807039243578106
-0.002850561579774288
-0.002947569057307747
-0.0035459478273545644
-0.004222044235423929
-0.0049160095444838615
-0.005513779512833969
-0.005867998974705219
-0.005867998974705219
-0.00551377951283397
-0.0049160095444838615
-0.004222044235423929
-0.0035459478273545644
-0.002947569057307747
-0.002850559351175056
-0.00354594664488082
-0.0044313913843607375
-0.005513773355691143
-0.006725243660347022
-0.007859806356835083
-0.008575763863232931
-0.008575763863232933
-0.007859806356835083
-0.006725243660347023
-0.005513773355691143
-0.0044313913843607375
-0.00354594664488082
-0.002850559351175056
-0.002593229312206906
-0.0032807009662935704
-0.0042220422255048505
-0.005513768187377273
-0.0072502145662819515
-0.009427826481082287
-0.01172624759326097
-0.013323352569939415
-0.013323352569939413
-0.011726247593260969
-0.009427826481082287
-0.007250214566281951
-0.005513768187377272
-0.00422204222550485
-0.0032807009662935704
-0.002593229312206905
-0.0028505591850807735
-0.0036946029245959163
-0.004915999434984839
-0.006725235606519198
-0.009427816781214913
-0.013323335900598532
-0.01815365725638065
-0.021999670977241592
-0.021999670977241592
-0.01815365725638065
-0.013323335900598528
-0.009427816781214913
-0.006725235606519197
-0.004915999434984839
-0.0036946029245959163
-0.0028505591850807735
-0.0030511256066253303
-0.004030896311222094
-0.005513766559276117
-0.00785978455907593
-0.011726207829416227
-0.01815360284928833
-0.02755641046082557
-0.03497424521569391
-0.034974245215693894
-0.027556410460825565
-0.018153602849288325
-0.011726207829416226
-0.007859784559075928
-0.005513766559276117
-0.004030896311222094
-0.0030511256066253303
-0.003161913509916182
-0.004222039239477476
-0.005867984380454203
-0.008575729613780463
-0.013323302134398928
-0.021999571017458766
-0.03497410622595717
-0.03239681926732615
-0.03239681926732615
-0.03497410622595717
-0.021999571017458766
-0.013323302134398926
-0.008575729613780463
-0.0058679843804542026
-0.004222039239477476
-0.003161913509916181
-0.003161913509916182
-0.004222039239477476
-0.005867984380454203
-0.008575729613780465
-0.013323302134398928
-0.021999571017458766
-0.03497410622595716
-0.03239681926732615
-0.03239681926732615
-0.034974106225957174
-0.02199957101745876
-0.013323302134398926
-0.008575729613780463
-0.005867984380454203
-0.004222039239477476
-0.003161913509916182
-0.0030511256066253303
-0.004030896311222095
-0.005513766559276117
-0.007859784559075928
-0.011726207829416226
-0.018153602849288325
-0.02755641046082557
-0.034974245215693894
-0.0349742452156939
-0.02755641046082557
-0.018153602849288325
-0.011726207829416226
-0.007859784559075928
-0.005513766559276117
-0.004030896311222094
-0.0030511256066253303
-0.002850559185080774
-0.0036946029245959163
-0.00491599943498484
-0.006725235606519198
-0.009427816781214913
-0.013323335900598532
-0.01815365725638065
-0.0219996709772416
-0.0219996709772416
-0.018153657256380646
-0.013323335900598528
-0.00942781678121491
-0.006725235606519197
-0.004915999434984839
-0.003694602924595916
-0.0028505591850807735
-0.0025932293122069056
-0.003280700966293571
-0.00422204222550485
-0.005513768187377272
-0.007250214566281951
-0.009427826481082287
-0.01172624759326097
-0.013323352569939412
-0.013323352569939412
-0.01172624759326097
-0.009427826481082287
-0.00725021456628195
-0.005513768187377272
-0.00422204222550485
-0.0032807009662935704
-0.002593229312206905
-0.002850559351175056
-0.00354594664488082
-0.0044313913843607375
-0.005513773355691142
-0.006725243660347022
-0.007859806356835083
-0.008575763863232933
-0.008575763863232933
-0.007859806356835083
-0.006725243660347022
-0.005513773355691143
-0.004431391384360737
-0.00354594664488082
-0.002850559351175056
-0.0029475690573077464
-0.003545947827354565
-0.00422204423542393
-0.0049160095444838615
-0.005513779512833969
-0.005867998974705219
-0.005867998974705219
-0.005513779512833969
-0.0049160095444838615
-0.004222044235423929
-0.003545947827354564
-0.0029475690573077464
-0.0028505615797742886
-0.00328070392435781
-0.0036946076069241268
-0.004030901818539376
-0.004222048983431294
-0.004222048983431294
-0.004030901818539377
-0.0036946076069241268
-0.0032807039243578106
-0.0028505615797742878
-0.0025932308038066993
-0.002850562338417089
-0.003051131009581347
-0.003161919061951313
-0.003161919061951313
-0.003051131009581347
-0.002850562338417089
-0.0025932308038066993
-0.0008912931457977075
-0.0009825197582911513
-0.0010539723893360708
-0.001093568425439379
-0.0010935684254393793
-0.001053972389336071
-0.0009825197582911513
-0.0008912931457977074
-0.000982519043966884
-0.0011361242115972142
-0.0012852388784553841
-0.0014073455694053958
-0.001477127435022833
-0.0014771274350228328
-0.001407345569405396
-0.0012852388784553841
-0.0011361242115972142
-0.000982519043966884
-0.0010170400845387858
-0.001231533696840256
-0.0014771282234908392
-0.0017328074799461237
-0.0019559898684945697
-0.002089540813926835
-0.0020895408139268348
-0.0019559898684945697
-0.0017328074799461237
-0.0014771282234908392
-0.001231533696840256
-0.0010170400845387858
-0.0009825212721664867
-0.0012315330412914739
-0.0015538744997210877
-0.001955990008068477
-0.0024167377498405117
-0.002858578581914525
-0.0031426020837902577
-0.0031426020837902577
-0.0028585785819145245
-0.0024167377498405113
-0.0019559900080684776
-0.0015538744997210877
-0.0012315330412914736
-0.0009825212721664871
-0.0008912938880827909
-0.0011361221074504013
-0.0014771269505495397
-0.0019559921143540732
-0.002619927005650225
-0.0034859502313866007
-0.004441111832661407
-0.005129902606268222
-0.005129902606268221
-0.004441111832661408
-0.0034859502313866007
-0.0026199270056502253
-0.001955992114354073
-0.0014771269505495397
-0.0011361221074504013
-0.0008912938880827907
-0.000982520245616389
-0.0012852382605461682
-0.0017328105337424788
-0.002416734485380542
-0.0034859471962933484
-0.005129900862093286
-0.0073331718919643005
-0.009185484523634291
-0.009185484523634291
-0.0073331718919643005
-0.005129900862093286
-0.003485947196293348
-0.002416734485380542
-0.0017328105337424786
-0.001285238260546168
-0.000982520245616389
-0.001053970374898788
-0.0014073444342476843
-0.001955992352711662
-0.0028585868003543342
-0.004441110967703215
-0.007333189628731777
-0.011658045794296185
-0.010799884136736333
-0.010799884136736332
-0.011658045794296183
-0.007333189628731775
-0.004441110967703216
-0.002858586800354334
-0.0019559923527116625
-0.0014073444342476839
-0.001053970374898788
-0.001093571280039353
-0.0014771371853760863
-0.002089535693153807
-0.0031425956989872845
-0.005129892318186563
-0.009185433179374895
-0.010799904407719794
-0.008330419597983335
-0.008330419597983335
-0.010799904407719784
-0.009185433179374897
-0.005129892318186563
-0.0031425956989872836
-0.0020895356931538065
-0.0014771371853760863
-0.001093571280039353
-0.001093571280039353
-0.0014771371853760863
-0.0020895356931538065
-0.0031425956989872845
-0.005129892318186563
-0.009185433179374898
-0.010799904407719793
-0.008330419597983335
-0.008330419597983337
-0.01079990440771978
-0.009185433179374897
-0.005129892318186563
-0.0031425956989872836
-0.0020895356931538065
-0.0014771371853760863
-0.001093571280039353
-0.0010539703748987878
-0.0014073444342476843
-0.0019559923527116625
-0.0028585868003543342
-0.004441110967703216
-0.007333189628731777
-0.011658045794296183
-0.010799884136736332
-0.010799884136736333
-0.01165804579429618
-0.007333189628731775
-0.004441110967703216
-0.002858586800354334
-0.0019559923527116625
-0.001407344434247684
-0.0010539703748987878
-0.000982520245616389
-0.0012852382605461682
-0.0017328105337424788
-0.002416734485380542
-0.0034859471962933476
-0.005129900862093286
-0.007333171891964303
-0.00918548452363429
-0.009185484523634293
-0.0073331718919643005
-0.005129900862093285
-0.0034859471962933484
-0.0024167344853805416
-0.001732810533742479
-0.001285238260546168
-0.000982520245616389
-0.0008912938880827909
-0.0011361221074504013
-0.0014771269505495397
-0.0019559921143540732
-0.0026199270056502257
-0.0034859502313866007
-0.004441111832661407
-0.005129902606268223
-0.005129902606268222
-0.004441111832661408
-0.003485950231386601
-0.0026199270056502253
-0.0019559921143540732
-0.0014771269505495397
-0.0011361221074504013
-0.0008912938880827906
-0.000982521272166487
-0.001231533041291474
-0.001553874499721088
-0.001955990008068477
-0.0024167377498405117
-0.002858578581914525
-0.0031426020837902573
-0.0031426020837902577
-0.0028585785819145245
-0.0024167377498405113
-0.0019559900080684776
-0.0015538744997210877
-0.001231533041291474
-0.000982521272166487
-0.0010170400845387858
-0.001231533696840256
-0.0014771282234908396
-0.0017328074799461235
-0.00195598986849457
-0.0020895408139268348
-0.0020895408139268348
-0.0019559898684945705
-0.001732807479946124
-0.0014771282234908394
-0.001231533696840256
-0.0010170400845387856
-0.0009825190439668842
-0.0011361242115972142
-0.0012852388784553841
-0.001407345569405396
-0.001477127435022833
-0.0014771274350228332
-0.001407345569405396
-0.001285238878455384
-0.0011361242115972142
-0.0009825190439668842
-0.0008912931457977075
-0.0009825197582911513
-0.001053972389336071
-0.0010935684254393793
-0.0010935684254393793
-0.001053972389336071
-0.0009825197582911515
-0.0008912931457977075
0.0008912931457977076
0.0009825197582911513
0.001053972389336071
0.0010935684254393793
0.001093568425439379
0.0010539723893360706
0.0009825197582911513
0.0008912931457977076
0.0009825190439668838
0.001136124211597214
0.0012852388784553841
0.0014073455694053965
0.001477127435022833
0.001477127435022833
0.001407345569405396
0.0012852388784553841
0.0011361242115972142
0.000982519043966884
0.001017040084538786
0.0012315336968402562
0.0014771282234908396
0.001732807479946123
0.00195598986849457
0.0020895408139268335
0.0020895408139268343
0.0019559898684945697
0.0017328074799461237
0.0014771282234908398
0.0012315336968402562
0.001017040084538786
0.0009825212721664871
0.0012315330412914739
0.0015538744997210877
0.001955990008068478
0.0024167377498405113
0.002858578581914524
0.0031426020837902573
0.003142602083790258
0.0028585785819145245
0.0024167377498405113
0.001955990008068477
0.0015538744997210877
0.0012315330412914739
0.0009825212721664871
0.0008912938880827909
0.0011361221074504013
0.00147712695054954
0.0019559921143540732
0.0026199270056502253
0.0034859502313866002
0.004441111832661408
0.005129902606268222
0.005129902606268223
0.004441111832661408
0.0034859502313866002
0.0026199270056502253
0.001955992114354073
0.0014771269505495393
0.0011361221074504013
0.0008912938880827907
0.000982520245616389
0.0012852382605461677
0.0017328105337424784
0.002416734485380542
0.00348594719629335
0.005129900862093286
0.007333171891964301
0.009185484523634291
0.009185484523634293
0.007333171891964301
0.005129900862093285
0.0034859471962933493
0.002416734485380542
0.0017328105337424784
0.0012852382605461677
0.000982520245616389
0.001053970374898788
0.0014073444342476843
0.001955992352711662
0.0028585868003543334
0.004441110967703216
0.0073331896287317745
0.011658045794296183
0.010799884136736316
0.010799884136736323
0.011658045794296183
0.0073331896287317745
0.004441110967703215
0.002858586800354335
0.0019559923527116625
0.0014073444342476839
0.001053970374898788
0.0010935712800393528
0.0014771371853760866
0.0020895356931538065
0.0031425956989872836
0.005129892318186563
0.009185433179374895
0.010799904407719798
0.008330419597983335
0.008330419597983335
0.010799904407719784
0.009185433179374893
0.005129892318186563
0.0031425956989872827
0.002089535693153806
0.0014771371853760868
0.0010935712800393528
0.0010935712800393528
0.0014771371853760866
0.0020895356931538065
0.003142595698987283
0.005129892318186563
0.009185433179374895
0.010799904407719803
0.008330419597983333
0.008330419597983335
0.010799904407719791
0.009185433179374893
0.005129892318186562
0.0031425956989872836
0.002089535693153806
0.0014771371853760863
0.001093571280039353
0.0010539703748987878
0.001407344434247684
0.0019559923527116625
0.0028585868003543347
0.004441110967703215
0.007333189628731776
0.011658045794296181
0.01079988413673632
0.01079988413673632
0.011658045794296183
0.007333189628731776
0.004441110967703215
0.0028585868003543347
0.001955992352711662
0.001407344434247684
0.001053970374898788
0.000982520245616389
0.001285238260546168
0.0017328105337424795
0.002416734485380542
0.0034859471962933476
0.005129900862093285
0.007333171891964301
0.009185484523634293
0.00918548452363429
0.0073331718919643005
0.005129900862093285
0.003485947196293349
0.002416734485380542
0.0017328105337424788
0.001285238260546168
0.0009825202456163894
0.000891293888082791
0.001136122107450401
0.00147712695054954
0.001955992114354073
0.0026199270056502253
0.0034859502313866002
0.004441111832661408
0.005129902606268221
0.005129902606268221
0.004441111832661407
0.003485950231386599
0.0026199270056502257
0.0019559921143540724
0.0014771269505495402
0.0011361221074504013
0.0008912938880827909
0.0009825212721664871
0.001231533041291474
0.0015538744997210874
0.001955990008068477
0.0024167377498405113
0.0028585785819145253
0.003142602083790259
0.003142602083790258
0.0028585785819145245
0.0024167377498405113
0.001955990008068477
0.0015538744997210877
0.0012315330412914739
0.0009825212721664871
0.0010170400845387858
0.001231533696840256
0.0014771282234908392
0.0017328074799461233
0.0019559898684945705
0.0020895408139268348
0.0020895408139268343
0.00195598986849457
0.001732807479946123
0.0014771282234908398
0.0012315336968402564
0.0010170400845387858
0.0009825190439668838
0.0011361242115972138
0.0012852388784553841
0.001407345569405396
0.0014771274350228332
0.0014771274350228328
0.001407345569405396
0.0012852388784553841
0.001136124211597214
0.0009825190439668838
0.0008912931457977078
0.0009825197582911513
0.0010539723893360712
0.0010935684254393793
0.0010935684254393795
0.0010539723893360708
0.0009825197582911515
0.0008912931457977076
0.0025932308038066998
0.002850562338417089
0.003051131009581347
0.003161919061951313
0.003161919061951313
0.003051131009581347
0.0028505623384170887
0.002593230803806699
0.002850561579774288
0.0032807039243578106
0.003694607606924127
0.004030901818539376
0.004222048983431295
0.004222048983431294
0.004030901818539376
0.003694607606924127
0.0032807039243578106
0.002850561579774288
0.0029475690573077464
0.003545947827354565
0.004222044235423929
0.004916009544483862
0.005513779512833969
0.005867998974705219
0.005867998974705219
0.005513779512833969
0.004916009544483862
0.004222044235423928
0.0035459478273545644
0.0029475690573077464
0.002850559351175056
0.0035459466448808205
0.004431391384360737
0.005513773355691142
0.006725243660347023
0.007859806356835083
0.00857576386323293
0.00857576386323293
0.007859806356835081
0.006725243660347023
0.005513773355691142
0.004431391384360737
0.00354594664488082
0.002850559351175056
0.002593229312206905
0.003280700966293571
0.00422204222550485
0.005513768187377272
0.007250214566281951
0.00942782648108229
0.011726247593260969
0.013323352569939412
0.013323352569939412
0.01172624759326097
0.009427826481082289
0.007250214566281951
0.005513768187377272
0.00422204222550485
0.0032807009662935704
0.002593229312206905
0.002850559185080773
0.003694602924595916
0.004915999434984838
0.006725235606519198
0.009427816781214913
0.01332333590059853
0.018153657256380646
0.021999670977241592
0.021999670977241592
0.018153657256380646
0.01332333590059853
0.00942781678121491
0.006725235606519197
0.004915999434984839
0.0036946029245959154
0.002850559185080773
0.0030511256066253303
0.004030896311222094
0.005513766559276118
0.007859784559075928
0.011726207829416226
0.018153602849288325
0.027556410460825565
0.0349742452156939
0.0349742452156939
0.027556410460825565
0.01815360284928832
0.011726207829416227
0.007859784559075928
0.005513766559276118
0.004030896311222094
0.0030511256066253303
0.003161913509916182
0.0042220392394774755
0.0058679843804542026
0.008575729613780463
0.013323302134398926
0.021999571017458763
0.03497410622595717
0.03239681926732615
0.03239681926732615
0.03497410622595716
0.021999571017458763
0.013323302134398926
0.008575729613780463
0.0058679843804542026
0.004222039239477476
0.0031619135099161815
0.003161913509916182
0.004222039239477475
0.0058679843804542026
0.008575729613780463
0.013323302134398926
0.02199957101745876
0.03497410622595716
0.03239681926732615
0.032396819267326155
0.03497410622595716
0.02199957101745876
0.013323302134398926
0.008575729613780465
0.0058679843804542026
0.0042220392394774755
0.003161913509916181
0.0030511256066253303
0.004030896311222094
0.005513766559276118
0.007859784559075928
0.011726207829416229
0.01815360284928833
0.02755641046082557
0.034974245215693894
0.034974245215693894
0.027556410460825565
0.018153602849288325
0.011726207829416224
0.007859784559075928
0.0055137665592761165
0.004030896311222094
0.0030511256066253303
0.0028505591850807735
0.0036946029245959163
0.004915999434984839
0.006725235606519198
0.009427816781214914
0.01332333590059853
0.018153657256380646
0.021999670977241596
0.021999670977241592
0.018153657256380643
0.01332333590059853
0.00942781678121491
0.006725235606519196
0.00491599943498484
0.003694602924595916
0.002850559185080773
0.002593229312206905
0.003280700966293571
0.00422204222550485
0.005513768187377272
0.0072502145662819515
0.009427826481082289
0.011726247593260969
0.013323352569939412
0.01332335256993941
0.011726247593260969
0.009427826481082289
0.00725021456628195
0.005513768187377272
0.00422204222550485
0.003280700966293571
0.002593229312206905
0.002850559351175056
0.0035459466448808205
0.0044313913843607375
0.005513773355691142
0.006725243660347023
0.007859806356835083
0.008575763863232933
0.008575763863232931
0.007859806356835081
0.006725243660347023
0.005513773355691142
0.0044313913843607375
0.0035459466448808205
0.002850559351175056
0.002947569057307747
0.003545947827354565
0.004222044235423929
0.0049160095444838615
0.005513779512833969
0.005867998974705219
0.005867998974705219
0.005513779512833969
0.0049160095444838615
0.004222044235423929
0.003545947827354565
0.0029475690573077464
0.002850561579774288
0.0032807039243578106
0.003694607606924127
0.004030901818539377
0.004222048983431294
0.004222048983431293
0.004030901818539377
0.003694607606924127
0.003280703924357811
0.002850561579774288
0.002593230803806699
0.002850562338417089
0.003051131009581347
0.0031619190619513126
0.0031619190619513126
0.003051131009581347
0.0028505623384170887
0.002593230803806699
0.004456479772187049
0.004750937324781834
0.004912619116637596
0.004912619116637596
0.004750937324781834
0.004456479772187049
0.004456477777100602
0.005085215129089475
0.005680622969517948
0.006157678708600294
0.0064262043198101
0.006426204319810101
0.006157678708600294
0.005680622969517949
0.005085215129089473
0.004456477777100602
0.004599178008458097
0.005467834701055582
0.006426198753633442
0.00738564760715602
0.008193339722009746
0.008664079639698988
0.008664079639698988
0.008193339722009746
0.00738564760715602
0.006426198753633442
0.005467834701055582
0.004599178008458096
0.004456474206160453
0.0054678338820703136
0.006718160667688959
0.008193331882918093
0.009779988288515496
0.011208743350351555
0.012083709449107822
0.012083709449107822
0.011208743350351555
0.009779988288515496
0.008193331882918094
0.006718160667688959
0.0054678338820703136
0.004456474206160452
0.0050852112015561494
0.006426195266270781
0.008193327946550328
0.010447696205555511
0.01309965663552337
0.015713032982855764
0.017429774511050343
0.017429774511050343
0.015713032982855767
0.013099656635523368
0.01044769620555551
0.008193327946550328
0.006426195266270781
0.0050852112015561494
0.004456475239162249
0.005680615357732895
0.007385637276698676
0.009779976319745328
0.013099647112513171
0.017429730883272508
0.0222055601354797
0.025649588778755485
0.025649588778755485
0.022205560135479703
0.01742973088327251
0.01309964711251317
0.009779976319745327
0.007385637276698676
0.005680615357732894
0.00445647523916225
0.004750928532672794
0.006157666983090361
0.008193331651157796
0.011208718859384743
0.01571299589282221
0.022205525423361648
0.030255982007235508
0.036666087695623836
0.036666087695623836
0.030255982007235508
0.022205525423361648
0.01571299589282221
0.011208718859384743
0.008193331651157794
0.006157666983090361
0.004750928532672794
0.004912607373729902
0.006426191549212441
0.008664059223537197
0.012083672390740775
0.017429644086357433
0.02564948187108452
0.036665974170754546
0.04592731414103743
0.04592731414103743
0.036665974170754546
0.02564948187108452
0.01742964408635743
0.012083672390740775
0.008664059223537197
0.006426191549212441
0.004912607373729902
0.004912607373729902
0.0064261915492124415
0.008664059223537197
0.012083672390740775
0.01742964408635743
0.02564948187108452
0.03666597417075455
0.04592731414103743
0.04592731414103742
0.036665974170754546
0.02564948187108452
0.01742964408635743
0.012083672390740773
0.008664059223537197
0.006426191549212441
0.004912607373729902
0.004750928532672794
0.006157666983090361
0.008193331651157796
0.011208718859384743
0.01571299589282221
0.02220552542336165
0.030255982007235508
0.036666087695623836
0.036666087695623836
0.030255982007235505
0.02220552542336165
0.01571299589282221
0.011208718859384742
0.008193331651157796
0.006157666983090361
0.004750928532672794
0.004456475239162249
0.0056806153577328945
0.007385637276698676
0.00977997631974533
0.013099647112513171
0.017429730883272508
0.022205560135479707
0.025649588778755488
0.025649588778755485
0.022205560135479707
0.017429730883272508
0.01309964711251317
0.009779976319745328
0.007385637276698676
0.0056806153577328945
0.004456475239162249
0.005085211201556149
0.00642619526627078
0.008193327946550328
0.01044769620555551
0.01309965663552337
0.015713032982855767
0.017429774511050343
0.017429774511050343
0.015713032982855767
0.013099656635523368
0.01044769620555551
0.008193327946550328
0.00642619526627078
0.0050852112015561494
0.004456474206160453
0.0054678338820703136
0.006718160667688959
0.008193331882918093
0.009779988288515498
0.011208743350351557
0.01208370944910782
0.01208370944910782
0.011208743350351557
0.009779988288515496
0.008193331882918093
0.006718160667688959
0.005467833882070313
0.004456474206160453
0.004599178008458096
0.005467834701055582
0.006426198753633442
0.00738564760715602
0.008193339722009746
0.008664079639698988
0.008664079639698988
0.008193339722009746
0.007385647607156021
0.006426198753633442
0.005467834701055581
0.004599178008458097
0.004456477777100602
0.005085215129089475
0.005680622969517949
0.006157678708600294
0.0064262043198101
0.0064262043198101
0.006157678708600293
0.005680622969517949
0.005085215129089474
0.004456477777100601
0.004456479772187048
0.004750937324781834
0.004912619116637595
0.004912619116637595
0.004750937324781834
0.004456479772187048
0.006050869202044458
0.006239068925400156
0.006239068925400155
0.006050869202044458
0.006438850255209362
0.007119296269124581
0.0076549693248270535
0.007952868656475973
0.007952868656475973
0.007654969324827052
0.007119296269124581
0.006438850255209363
0.006877655887498437
0.007952865643800024
0.00899668697484181
0.00985143606585906
0.010339916166466739
0.010339916166466739
0.009851436065859061
0.008996686974841812
0.007952865643800025
0.006877655887498436
0.00687765259257531
0.00827387860456383
0.009851428359895834
0.011470672727418111
0.012865466809226555
0.013691978741531287
0.013691978741531285
0.012865466809226555
0.011470672727418113
0.009851428359895834
0.00827387860456383
0.00687765259257531
0.006438843202768305
0.007952858949724896
0.009851423105604535
0.012129679962641485
0.014626775831394623
0.016917194997990916
0.018339546743169594
0.01833954674316959
0.016917194997990916
0.014626775831394623
0.012129679962641485
0.009851423105604534
0.007952858949724896
0.006438843202768305
0.007119289778227456
0.008996676358177224
0.011470658338454908
0.014626760976953743
0.018339525354112048
0.021998235397285595
0.024401618685924397
0.024401618685924397
0.02199823539728559
0.018339525354112048
0.014626760976953743
0.011470658338454908
0.008996676358177224
0.007119289778227456
0.00605085996671711
0.007654959061302072
0.009851419651668504
0.012865447762855389
0.016917158760323323
0.02199823096912041
0.027361126814606618
0.031087738539402873
0.03108773853940287
0.027361126814606614
0.02199823096912041
0.016917158760323327
0.012865447762855389
0.009851419651668502
0.007654959061302072
0.00605085996671711
0.006239058826408397
0.00795285552182368
0.010339894694784494
0.013691949710802277
0.01833950515388347
0.024401575281694628
0.031087710015799117
0.03590932354584343
0.03590932354584342
0.03108771001579911
0.024401575281694628
0.01833950515388347
0.013691949710802273
0.010339894694784494
0.007952855521823681
0.006239058826408395
0.006239058826408396
0.007952855521823681
0.010339894694784493
0.013691949710802277
0.01833950515388347
0.024401575281694628
0.031087710015799113
0.035909323545843426
0.035909323545843426
0.031087710015799117
0.024401575281694624
0.018339505153883467
0.013691949710802277
0.010339894694784493
0.007952855521823681
0.006239058826408396
0.00605085996671711
0.007654959061302073
0.009851419651668504
0.01286544776285539
0.016917158760323327
0.021998230969120406
0.027361126814606618
0.031087738539402873
0.031087738539402873
0.027361126814606618
0.021998230969120413
0.016917158760323327
0.012865447762855389
0.009851419651668502
0.007654959061302072
0.006050859966717109
0.007119289778227456
0.008996676358177224
0.011470658338454908
0.014626760976953743
0.018339525354112048
0.021998235397285595
0.024401618685924404
0.024401618685924404
0.021998235397285595
0.018339525354112048
0.014626760976953743
0.01147065833845491
0.008996676358177224
0.007119289778227456
0.006438843202768304
0.007952858949724896
0.009851423105604534
0.012129679962641486
0.014626775831394623
0.016917194997990916
0.018339546743169594
0.01833954674316959
0.016917194997990912
0.014626775831394623
0.012129679962641485
0.009851423105604534
0.007952858949724896
0.006438843202768305
0.006877652592575311
0.008273878604563831
0.009851428359895834
0.011470672727418111
0.012865466809226553
0.013691978741531285
0.013691978741531285
0.012865466809226553
0.011470672727418111
0.009851428359895834
0.008273878604563831
0.00687765259257531
0.006877655887498437
0.007952865643800024
0.00899668697484181
0.009851436065859061
0.010339916166466739
0.010339916166466739
0.00985143606585906
0.00899668697484181
0.007952865643800024
0.006877655887498436
0.006438850255209362
0.007119296269124581
0.007654969324827053
0.007952868656475973
0.007952868656475973
0.007654969324827052
0.007119296269124581
0.006438850255209362
0.006050869202044458
0.006239068925400155
0.006239068925400156
0.006050869202044458
0.00802165265551212
0.008551687354707066
0.008842714824186313
0.008842714824186313
0.008551687354707066
0.00802165265551212
0.007779680778801202
0.008842708743403094
0.009842110620051192
0.010637842612628139
0.01108381547237033
0.01108381547237033
0.010637842612628139
0.009842110620051192
0.008842708743403092
0.007779680778801204
0.007779679317998835
0.00915338577134011
0.010637839953809656
0.01209269732341785
0.01329416328796151
0.01398488682159703
0.013984886821597028
0.01329416328796151
0.012092697323417848
0.010637839953809652
0.00915338577134011
0.007779679317998835
0.008842704134025724
0.010637835570343881
0.012666111801163584
0.014747995018943829
0.016541325063176248
0.01760397747726717
0.01760397747726717
0.016541325063176248
0.014747995018943829
0.012666111801163582
0.010637835570343881
0.008842704134025724
0.008021647579753082
0.00984209795674561
0.01209269071556313
0.014747989415134657
0.01760396936153723
0.02017571757460597
0.021750647235076633
0.021750647235076633
0.020175717574605966
0.017603969361537228
0.014747989415134657
0.012092690715563128
0.00984209795674561
0.008021647579753082
0.008551675215597264
0.010637833496682195
0.013294147907522131
0.016541307426274417
0.020175704809079147
0.02357936768330124
0.02572718303340097
0.02572718303340097
0.02357936768330124
0.020175704809079147
0.016541307426274413
0.01329414790752213
0.010637833496682195
0.008551675215597262
0.008842700703144961
0.01108380431953105
0.013984870748855217
0.017603961235871317
0.02175062282355713
0.025727161171363044
0.028283401790134614
0.028283401790134614
0.02572716117136304
0.02175062282355713
0.017603961235871313
0.013984870748855217
0.011083804319531052
0.008842700703144963
0.008842700703144963
0.011083804319531054
0.013984870748855217
0.017603961235871317
0.02175062282355713
0.025727161171363033
0.028283401790134614
0.028283401790134614
0.02572716117136304
0.02175062282355713
0.017603961235871317
0.013984870748855216
0.011083804319531054
0.008842700703144961
0.008551675215597262
0.010637833496682195
0.013294147907522131
0.016541307426274417
0.020175704809079143
0.023579367683301242
0.02572718303340097
0.02572718303340097
0.023579367683301242
0.020175704809079147
0.016541307426274417
0.013294147907522131
0.010637833496682195
0.008551675215597262
0.008021647579753082
0.00984209795674561
0.012092690715563131
0.014747989415134655
0.017603969361537228
0.02017571757460597
0.021750647235076633
0.021750647235076633
0.02017571757460597
0.017603969361537224
0.014747989415134655
0.01209269071556313
0.00984209795674561
0.008021647579753082
0.008842704134025724
0.010637835570343881
0.012666111801163584
0.014747995018943829
0.01654132506317625
0.01760397747726717
0.01760397747726717
0.01654132506317625
0.014747995018943829
0.012666111801163582
0.010637835570343881
0.008842704134025724
0.007779679317998835
0.009153385771340112
0.010637839953809656
0.01209269732341785
0.01329416328796151
0.01398488682159703
0.01398488682159703
0.013294163287961512
0.012092697323417848
0.010637839953809654
0.00915338577134011
0.007779679317998835
0.007779680778801204
0.008842708743403094
0.009842110620051192
0.010637842612628137
0.01108381547237033
0.011083815472370332
0.010637842612628137
0.009842110620051192
0.008842708743403092
0.007779680778801203
0.008021652655512121
0.008551687354707066
0.008842714824186314
0.008842714824186313
0.008551687354707066
0.008021652655512121
0.010118193891554753
0.010807748903944713
0.011187469079115598
0.011187469079115598
0.010807748903944713
0.010118193891554753
0.009508506477291262
0.01080774689724117
0.012029232130867607
0.013001796752070305
0.01354687983608691
0.013546879836086908
0.013001796752070305
0.012029232130867606
0.01080774689724117
0.00950850647729126
0.010807747017525895
0.01249735583327499
0.014137630101399321
0.015480805523660341
0.016248412781235837
0.016248412781235833
0.01548080552366034
0.014137630101399321
0.012497355833274989
0.010807747017525893
0.010118189411539705
0.012029229186955745
0.014137624231289201
0.016248406440360703
0.018025336647016707
0.019060939108767792
0.019060939108767796
0.018025336647016707
0.016248406440360703
0.014137624231289201
0.012029229186955743
0.010118189411539705
0.010807742082992644
0.013001793038450633
0.015480795809957558
0.018025335303007123
0.020217140852558366
0.021515948813725684
0.021515948813725684
0.02021714085255837
0.01802533530300712
0.015480795809957556
0.013001793038450631
0.010807742082992643
0.011187459944414729
0.013546869317349927
0.01624839899496577
0.019060933791941986
0.0215159416786386
0.022984917837032395
0.022984917837032395
0.0215159416786386
0.01906093379194199
0.01624839899496577
0.013546869317349924
0.011187459944414729
0.011187459944414729
0.013546869317349927
0.01624839899496577
0.019060933791941986
0.0215159416786386
0.0229849178370324
0.0229849178370324
0.021515941678638604
0.01906093379194199
0.016248398994965767
0.013546869317349925
0.011187459944414729
0.010807742082992644
0.013001793038450633
0.015480795809957556
0.018025335303007123
0.020217140852558373
0.02151594881372568
0.021515948813725684
0.020217140852558366
0.01802533530300712
0.015480795809957554
0.01300179303845063
0.010807742082992644
0.010118189411539705
0.012029229186955745
0.014137624231289201
0.016248406440360706
0.018025336647016707
0.019060939108767796
0.019060939108767796
0.018025336647016707
0.016248406440360703
0.0141376242312892
0.012029229186955743
0.010118189411539705
0.010807747017525892
0.012497355833274989
0.014137630101399321
0.015480805523660341
0.016248412781235833
0.016248412781235833
0.01548080552366034
0.01413763010139932
0.012497355833274989
0.010807747017525893
0.009508506477291262
0.010807746897241169
0.012029232130867606
0.013001796752070307
0.013546879836086911
0.01354687983608691
0.013001796752070305
0.012029232130867606
0.01080774689724117
0.009508506477291262
0.010118193891554751
0.010807748903944713
0.011187469079115598
0.011187469079115598
0.010807748903944713
0.010118193891554753
0.011586833065678554
0.012352418564831174
0.012772789188353275
0.012772789188353277
0.01235241856483117
0.011586833065678554
0.01195785820082252
0.013221545564524428
0.01421636106705734
0.014769602789578992
0.014769602789578992
0.014216361067057343
0.013221545564524428
0.01195785820082252
0.01158682763585848
0.013221544363367522
0.014769599160156965
0.016009939394768784
0.016708127744572275
0.016708127744572275
0.016009939394768784
0.014769599160156965
0.013221544363367522
0.011586827635858478
0.012352415193881573
0.014216359272964562
0.016009933166013932
0.01746723426543951
0.018295504225631084
0.018295504225631084
0.01746723426543951
0.016009933166013925
0.014216359272964562
0.01235241519388157
0.012772782265514766
0.014769598079570031
0.016708116387068078
0.018295502518975215
0.01920267554290442
0.01920267554290442
0.018295502518975215
0.016708116387068074
0.01476959807957003
0.012772782265514766
0.012772782265514765
0.01476959807957003
0.01670811638706808
0.018295502518975215
0.019202675542904418
0.01920267554290442
0.018295502518975215
0.016708116387068078
0.01476959807957003
0.012772782265514766
0.01235241519388157
0.014216359272964565
0.01600993316601393
0.01746723426543951
0.018295504225631087
0.01829550422563108
0.01746723426543951
0.01600993316601393
0.014216359272964562
0.01235241519388157
0.011586827635858478
0.013221544363367522
0.014769599160156965
0.016009939394768788
0.016708127744572275
0.016708127744572275
0.016009939394768784
0.014769599160156965
0.013221544363367522
0.011586827635858478
0.01195785820082252
0.013221545564524428
0.014216361067057343
0.014769602789578994
0.014769602789578994
0.01421636106705734
0.013221545564524428
0.01195785820082252
0.011586833065678554
0.012352418564831172
0.012772789188353277
0.012772789188353279
0.012352418564831172
0.011586833065678554
0.012966137674847536
0.013369421502269158
0.013369421502269158
0.012966137674847536
0.013369417704848834
0.01425278718952377
0.014737827034160088
0.014737827034160088
0.014252787189523771
0.013369417704848834
0.012966132676524517
0.014252785601023017
0.01525562450888199
0.015809558836129594
0.015809558836129594
0.01525562450888199
0.014252785601023017
0.012966132676524517
0.013369415957937164
0.014737824043182458
0.01580955979416742
0.01640350767025377
0.016403507670253774
0.01580955979416742
0.014737824043182458
0.013369415957937164
0.013369415957937166
0.014737824043182458
0.015809559794167424
0.01640350767025377
0.01640350767025377
0.01580955979416742
0.01473782404318246
0.013369415957937164
0.012966132676524515
0.014252785601023018
0.01525562450888199
0.01580955883612959
0.015809558836129597
0.01525562450888199
0.014252785601023017
0.012966132676524515
0.013369417704848834
0.014252787189523773
0.01473782703416009
0.01473782703416009
0.014252787189523771
0.013369417704848834
0.012966137674847538
0.013369421502269158
0.013369421502269156
0.012966137674847536