-0.07703721715665965
-0.07703721715665963
-0.0770371996955769
-0.08354795750083382
-0.08721560866028724
-0.08721560866028724
-0.08354795750083384
-0.0770371996955769
-0.08354791432741725
-0.09120637729447822
-0.09556300766045837
-0.09556300766045839
-0.09120637729447822
-0.08354791432741726
-0.07703717301966542
-0.08721561845038918
-0.09556303440924913
-0.10033814333468027
-0.10033814333468029
-0.09556303440924913
-0.08721561845038917
-0.07703717301966542
-0.07703717301966542
-0.08721561845038919
-0.09556303440924913
-0.10033814333468029
-0.10033814333468027
-0.09556303440924913
-0.08721561845038919
-0.07703717301966542
-0.08354791432741726
-0.09120637729447821
-0.09556300766045836
-0.09556300766045836
-0.09120637729447822
-0.08354791432741725
-0.07703719969557692
-0.08354795750083382
-0.08721560866028727
-0.08721560866028726
-0.08354795750083382
-0.07703719969557692
-0.07703721715665963
-0.07703721715665963
-0.06783264551184061
-0.07069454245961197
-0.07069454245961199
-0.06783264551184061
-0.06518544764918298
-0.07379790687041667
-0.08086064126542983
-0.08490109059041348
-0.08490109059041348
-0.08086064126542983
-0.07379790687041665
-0.06518544764918296
-0.073797898707862
-0.08490106567238
-0.09426633026788644
-0.09973196381598493
-0.0997319638159849
-0.09426633026788644
-0.08490106567238
-0.073797898707862
-0.06783258448909255
-0.08086060683628075
-0.09426647990245345
-0.1058410158255705
-0.11271206521006606
-0.11271206521006605
-0.1058410158255705
-0.09426647990245343
-0.08086060683628075
-0.06783258448909255
-0.07069446104149132
-0.08490105518517076
-0.09973214816889667
-0.11271216715442989
-0.12049465396548863
-0.12049465396548861
-0.1127121671544299
-0.09973214816889667
-0.08490105518517077
-0.07069446104149132
-0.07069446104149134
-0.08490105518517076
-0.09973214816889667
-0.1127121671544299
-0.12049465396548861
-0.12049465396548861
-0.11271216715442989
-0.09973214816889665
-0.08490105518517076
-0.07069446104149134
-0.06783258448909255
-0.08086060683628075
-0.09426647990245345
-0.10584101582557051
-0.11271206521006602
-0.11271206521006605
-0.1058410158255705
-0.09426647990245345
-0.08086060683628075
-0.06783258448909255
-0.07379789870786199
-0.08490106567238
-0.09426633026788646
-0.09973196381598493
-0.09973196381598493
-0.09426633026788644
-0.08490106567238001
-0.073797898707862
-0.06518544764918296
-0.07379790687041665
-0.08086064126542983
-0.08490109059041347
-0.08490109059041347
-0.08086064126542983
-0.07379790687041667
-0.06518544764918298
-0.06783264551184062
-0.07069454245961197
-0.07069454245961197
-0.06783264551184061
-0.05549945766223507
-0.05784101455330225
-0.05784101455330225
-0.05549945766223506
-0.0554994628860188
-0.06314267109979425
-0.06946463353045892
-0.0731032951972501
-0.0731032951972501
-0.06946463353045892
-0.06314267109979425
-0.0554994628860188
-0.05549945956715155
-0.06615880905937987
-0.07712680690114318
-0.086596975818754
-0.09221893720778782
-0.09221893720778779
-0.08659697581875399
-0.07712680690114318
-0.06615880905937987
-0.055499459567151556
-0.06314269721972787
-0.07712676969398366
-0.09221901614914244
-0.10585605140158497
-0.1142300815832306
-0.11423008158323061
-0.10585605140158495
-0.09221901614914245
-0.07712676969398366
-0.06314269721972787
-0.05549950825479355
-0.06946457621643085
-0.08659689452557803
-0.10585609242175002
-0.12397610000850152
-0.13545420338073738
-0.13545420338073738
-0.12397610000850152
-0.10585609242175002
-0.08659689452557802
-0.06946457621643085
-0.05549950825479354
-0.05784108796167706
-0.07310319730389028
-0.09221913555426253
-0.1142302242610421
-0.13545411239728256
-0.14916104985307693
-0.14916104985307696
-0.13545411239728256
-0.11423022426104212
-0.09221913555426255
-0.07310319730389028
-0.05784108796167705
-0.05784108796167706
-0.07310319730389028
-0.09221913555426253
-0.1142302242610421
-0.13545411239728256
-0.14916104985307693
-0.14916104985307693
-0.13545411239728256
-0.1142302242610421
-0.09221913555426253
-0.07310319730389028
-0.05784108796167706
-0.05549950825479354
-0.06946457621643085
-0.08659689452557803
-0.10585609242175002
-0.12397610000850152
-0.13545420338073738
-0.13545420338073738
-0.12397610000850152
-0.10585609242175002
-0.08659689452557802
-0.06946457621643085
-0.05549950825479354
-0.06314269721972787
-0.07712676969398365
-0.09221901614914244
-0.10585605140158494
-0.1142300815832306
-0.1142300815832306
-0.10585605140158495
-0.09221901614914244
-0.07712676969398366
-0.06314269721972787
-0.055499459567151556
-0.06615880905937987
-0.07712680690114318
-0.086596975818754
-0.09221893720778779
-0.0922189372077878
-0.08659697581875399
-0.07712680690114318
-0.06615880905937989
-0.055499459567151556
-0.055499462886018806
-0.06314267109979425
-0.06946463353045892
-0.0731032951972501
-0.07310329519725012
-0.06946463353045892
-0.06314267109979424
-0.055499462886018806
-0.05549945766223507
-0.05784101455330225
-0.05784101455330224
-0.05549945766223506
-0.04148159949691357
-0.041481599496913574
-0.041481583518540366
-0.04696239532533594
-0.051456878440586745
-0.05402807112156826
-0.05402807112156826
-0.05145687844058674
-0.04696239532533594
-0.04148158351854037
-0.04316615214360863
-0.05145688331296707
-0.059987573319480264
-0.06735330503133866
-0.0717257851523267
-0.07172578515232668
-0.06735330503133866
-0.05998757331948027
-0.051456883312967064
-0.04316615214360863
-0.04148156135331969
-0.05145689049789526
-0.0634657173921335
-0.07667833203654205
-0.08884571798618861
-0.096425863385943
-0.09642586338594299
-0.08884571798618862
-0.07667833203654205
-0.0634657173921335
-0.05145689049789525
-0.04148156135331969
-0.04696245279877869
-0.05998758548746417
-0.0766782887408995
-0.09642590082287758
-0.1160142890430007
-0.12895636884971662
-0.1289563688497166
-0.1160142890430007
-0.09642590082287758
-0.07667828874089949
-0.059987585487464176
-0.046962452798778684
-0.051456948357063506
-0.06735326402394348
-0.08884587184043863
-0.11601433960260553
-0.14498067092514128
-0.16530610780530394
-0.16530610780530391
-0.14498067092514128
-0.11601433960260553
-0.08884587184043863
-0.0673532640239435
-0.05145694835706349
-0.0414815477256642
-0.05402816911090722
-0.07172569481822309
-0.09642605328368997
-0.1289564076282268
-0.16530591354501536
-0.19187691187990358
-0.19187691187990358
-0.16530591354501536
-0.1289564076282268
-0.09642605328368999
-0.07172569481822309
-0.05402816911090722
-0.04148154772566421
-0.04148154772566421
-0.05402816911090723
-0.07172569481822309
-0.09642605328368999
-0.1289564076282268
-0.16530591354501534
-0.19187691187990358
-0.19187691187990358
-0.16530591354501534
-0.1289564076282268
-0.09642605328368999
-0.07172569481822308
-0.054028169110907215
-0.04148154772566421
-0.05145694835706349
-0.06735326402394348
-0.08884587184043863
-0.11601433960260554
-0.1449806709251413
-0.1653061078053039
-0.16530610780530391
-0.14498067092514128
-0.11601433960260554
-0.08884587184043861
-0.0673532640239435
-0.05145694835706349
-0.046962452798778684
-0.059987585487464176
-0.0766782887408995
-0.0964259008228776
-0.1160142890430007
-0.1289563688497166
-0.1289563688497166
-0.1160142890430007
-0.09642590082287758
-0.0766782887408995
-0.05998758548746417
-0.046962452798778684
-0.04148156135331969
-0.05145689049789526
-0.0634657173921335
-0.07667833203654205
-0.0888457179861886
-0.096425863385943
-0.09642586338594299
-0.0888457179861886
-0.07667833203654206
-0.0634657173921335
-0.05145689049789525
-0.04148156135331969
-0.04316615214360863
-0.05145688331296707
-0.05998757331948027
-0.06735330503133866
-0.0717257851523267
-0.07172578515232671
-0.06735330503133867
-0.05998757331948027
-0.05145688331296707
-0.04316615214360863
-0.041481583518540366
-0.04696239532533594
-0.05145687844058675
-0.05402807112156826
-0.05402807112156826
-0.051456878440586745
-0.046962395325335936
-0.04148158351854036
-0.04148159949691357
-0.041481599496913574
-0.029629740364400005
-0.03213388987234475
-0.0335445396195211
-0.0335445396195211
-0.03213388987234475
-0.029629740364400005
-0.03354453779379196
-0.03859145591813593
-0.04284822180610831
-0.04533269344532313
-0.04533269344532313
-0.042848221806108304
-0.038591455918135925
-0.033544537793791955
-0.03507925063446561
-0.042848196356823604
-0.05123273038651075
-0.058808877950918034
-0.06346115193983283
-0.06346115193983283
-0.058808877950918034
-0.05123273038651075
-0.042848196356823604
-0.03507925063446561
-0.033544519381335756
-0.042848178481817864
-0.05477024877152682
-0.06887554610572838
-0.08286732232132665
-0.09211176225399147
-0.09211176225399147
-0.08286732232132664
-0.06887554610572838
-0.05477024877152682
-0.04284817848181787
-0.033544519381335756
-0.02962975317351998
-0.03859139054704166
-0.051232737868756345
-0.06887556162627771
-0.09211172488837843
-0.11807589408151563
-0.13705457123954476
-0.13705457123954476
-0.11807589408151563
-0.09211172488837843
-0.06887556162627773
-0.051232737868756345
-0.03859139054704166
-0.02962975317351998
-0.03213386348314159
-0.04284816381673219
-0.05880890566636308
-0.08286720475987458
-0.1180758453126173
-0.16283870572328388
-0.19968455706354166
-0.19968455706354166
-0.1628387057232839
-0.1180758453126173
-0.08286720475987457
-0.05880890566636307
-0.04284816381673219
-0.03213386348314159
-0.0335444935595704
-0.04533277100374074
-0.06346111042812043
-0.09211186749435461
-0.13705451434486718
-0.19968511731991595
-0.2559798946596984
-0.2559798946596984
-0.1996851173199159
-0.13705451434486715
-0.09211186749435461
-0.06346111042812043
-0.04533277100374074
-0.03354449355957039
-0.0335444935595704
-0.045332771003740745
-0.06346111042812042
-0.09211186749435463
-0.13705451434486718
-0.1996851173199159
-0.2559798946596984
-0.2559798946596984
-0.19968511731991592
-0.13705451434486715
-0.09211186749435461
-0.06346111042812042
-0.04533277100374074
-0.0335444935595704
-0.03213386348314159
-0.04284816381673219
-0.05880890566636308
-0.08286720475987457
-0.11807584531261732
-0.16283870572328388
-0.19968455706354168
-0.19968455706354168
-0.1628387057232839
-0.11807584531261732
-0.08286720475987457
-0.05880890566636307
-0.042848163816732183
-0.03213386348314159
-0.02962975317351998
-0.03859139054704166
-0.051232737868756345
-0.06887556162627773
-0.09211172488837843
-0.11807589408151561
-0.13705457123954476
-0.13705457123954476
-0.11807589408151561
-0.09211172488837843
-0.06887556162627771
-0.051232737868756345
-0.03859139054704166
-0.029629753173519985
-0.033544519381335756
-0.042848178481817864
-0.05477024877152682
-0.06887554610572837
-0.08286732232132665
-0.09211176225399148
-0.09211176225399147
-0.08286732232132664
-0.06887554610572838
-0.05477024877152682
-0.042848178481817864
-0.033544519381335756
-0.03507925063446561
-0.042848196356823604
-0.051232730386510744
-0.05880887795091803
-0.06346115193983282
-0.06346115193983283
-0.05880887795091803
-0.051232730386510744
-0.042848196356823604
-0.03507925063446562
-0.03354453779379196
-0.03859145591813593
-0.042848221806108304
-0.04533269344532313
-0.04533269344532313
-0.042848221806108304
-0.03859145591813593
-0.03354453779379196
-0.029629740364400005
-0.03213388987234475
-0.0335445396195211
-0.0335445396195211
-0.03213388987234475
-0.0296297403644
-0.019280308917279543
-0.02104752431686987
-0.02205290097226658
-0.022052900972266583
-0.02104752431686987
-0.019280308917279547
-0.018499787215335746
-0.022052895589875034
-0.025708974058992893
-0.02886571935802262
-0.030739637806193286
-0.030739637806193282
-0.02886571935802262
-0.025708974058992893
-0.022052895589875034
-0.018499787215335746
-0.01849978797405735
-0.023154901427638375
-0.028865707413319185
-0.03528532507880843
-0.04132533097441682
-0.04515147501205521
-0.04515147501205521
-0.041325330974416825
-0.035285325078808424
-0.028865707413319185
-0.023154901427638375
-0.01849978797405735
-0.02205288516645014
-0.028865706309219055
-0.03807664702576626
-0.04972043714788543
-0.06213463591786124
-0.0708456197017327
-0.0708456197017327
-0.06213463591786124
-0.04972043714788543
-0.03807664702576626
-0.028865706309219055
-0.02205288516645014
-0.01928030148298606
-0.025708978045059127
-0.035285287151114106
-0.0497204295365323
-0.07084548304161326
-0.09770389467187476
-0.11981090726702265
-0.11981090726702265
-0.09770389467187476
-0.07084548304161326
-0.04972042953653229
-0.035285287151114106
-0.025708978045059127
-0.019280301482986057
-0.02104751492324739
-0.028865692333691902
-0.04132525848264474
-0.062134594655415626
-0.09769611264967021
-0.15358783006270216
-0.20930943033580118
-0.20930943033580116
-0.15358783006270216
-0.09769611264967021
-0.062134594655415626
-0.04132525848264473
-0.028865692333691902
-0.02104751492324739
-0.02205300569198894
-0.030739595066749323
-0.04515151283319854
-0.07084541625221055
-0.1198106994545278
-0.20930916538557734
-0.2687307471461523
-0.26873074714615225
-0.20930916538557734
-0.11981069945452778
-0.07084541625221055
-0.04515151283319854
-0.030739595066749326
-0.022053005691988942
-0.022053005691988942
-0.03073959506674933
-0.04515151283319855
-0.07084541625221057
-0.11981069945452778
-0.20930916538557737
-0.2687307471461523
-0.26873074714615225
-0.20930916538557734
-0.11981069945452777
-0.07084541625221055
-0.04515151283319854
-0.030739595066749323
-0.02205300569198894
-0.02104751492324739
-0.028865692333691902
-0.04132525848264473
-0.06213459465541563
-0.09769611264967021
-0.15358783006270216
-0.20930943033580116
-0.20930943033580116
-0.15358783006270219
-0.09769611264967021
-0.062134594655415626
-0.04132525848264473
-0.0288656923336919
-0.02104751492324739
-0.019280301482986057
-0.02570897804505913
-0.035285287151114106
-0.04972042953653229
-0.07084548304161327
-0.09770389467187476
-0.11981090726702265
-0.11981090726702263
-0.09770389467187476
-0.07084548304161327
-0.04972042953653229
-0.035285287151114106
-0.025708978045059123
-0.01928030148298606
-0.02205288516645014
-0.02886570630921905
-0.03807664702576626
-0.04972043714788543
-0.06213463591786123
-0.0708456197017327
-0.0708456197017327
-0.06213463591786123
-0.04972043714788543
-0.03807664702576627
-0.028865706309219055
-0.02205288516645014
-0.01849978797405735
-0.023154901427638375
-0.02886570741331919
-0.03528532507880843
-0.04132533097441683
-0.04515147501205521
-0.045151475012055214
-0.041325330974416825
-0.03528532507880843
-0.02886570741331919
-0.023154901427638375
-0.018499787974057352
-0.018499787215335746
-0.022052895589875034
-0.025708974058992896
-0.02886571935802262
-0.030739637806193282
-0.030739637806193282
-0.02886571935802262
-0.025708974058992896
-0.02205289558987503
-0.018499787215335742
-0.019280308917279543
-0.021047524316869872
-0.022052900972266583
-0.02205290097226658
-0.02104752431686987
-0.019280308917279547
-0.005925930800445355
-0.006708885059895073
-0.007350956840782855
-0.00771827129521686
-0.007718271295216858
-0.007350956840782855
-0.006708885059895073
-0.005925930800445355
-0.006426755299443967
-0.007718268697521946
-0.009066504693491087
-0.010246506371620764
-0.010954015624748093
-0.010954015624748091
-0.010246506371620764
-0.009066504693491089
-0.007718268697521947
-0.006426755299443967
-0.0064267729282500696
-0.008122559917635469
-0.010246509454675522
-0.012692198816584361
-0.015050445014630393
-0.01657344012269534
-0.016573440122695335
-0.015050445014630393
-0.012692198816584364
-0.01024650945467552
-0.008122559917635469
-0.0064267729282500696
-0.005925926371825251
-0.007718284949593486
-0.010246541788160847
-0.013775070868294145
-0.018422290986232895
-0.023615194969157427
-0.027410923263312723
-0.027410923263312723
-0.02361519496915742
-0.018422290986232895
-0.013775070868294145
-0.010246541788160847
-0.007718284949593484
-0.005925926371825251
-0.00670887965319271
-0.009066495113076027
-0.01269217767990298
-0.018422337394771615
-0.027410844519159545
-0.039936544509721235
-0.05119614120949886
-0.05119614120949886
-0.039936544509721235
-0.027410844519159542
-0.018422337394771615
-0.01269217767990298
-0.009066495113076027
-0.006708879653192711
-0.007350944532141884
-0.010246500556240407
-0.015050396855771763
-0.023615086938607123
-0.039936748515649226
-0.06976951965568669
-0.08957751087157179
-0.08957751087157181
-0.06976951965568669
-0.039936748515649226
-0.023615086938607123
-0.015050396855771763
-0.010246500556240407
-0.007350944532141884
-0.00771825548442832
-0.010954013060504243
-0.016573388503701353
-0.02741078418238875
-0.05119578937182166
-0.08957404057368504
-0.08315967353848613
-0.08315967353848616
-0.08957404057368537
-0.05119578937182166
-0.027410784182388747
-0.016573388503701353
-0.010954013060504243
-0.007718255484428319
-0.00771825548442832
-0.010954013060504246
-0.016573388503701353
-0.02741078418238875
-0.05119578937182166
-0.08957404057368498
-0.08315967353848613
-0.08315967353848618
-0.08957404057368541
-0.05119578937182166
-0.02741078418238875
-0.016573388503701353
-0.010954013060504244
-0.00771825548442832
-0.007350944532141885
-0.010246500556240407
-0.015050396855771763
-0.023615086938607126
-0.039936748515649226
-0.06976951965568669
-0.08957751087157154
-0.08957751087157155
-0.0697695196556867
-0.03993674851564923
-0.023615086938607123
-0.01505039685577176
-0.010246500556240407
-0.007350944532141886
-0.00670887965319271
-0.009066495113076027
-0.012692177679902982
-0.018422337394771615
-0.02741084451915954
-0.039936544509721235
-0.05119614120949886
-0.05119614120949886
-0.039936544509721235
-0.02741084451915954
-0.018422337394771615
-0.01269217767990298
-0.009066495113076027
-0.006708879653192711
-0.005925926371825251
-0.007718284949593487
-0.010246541788160847
-0.013775070868294144
-0.018422290986232895
-0.023615194969157424
-0.027410923263312723
-0.027410923263312723
-0.023615194969157424
-0.018422290986232895
-0.013775070868294145
-0.010246541788160847
-0.007718284949593486
-0.005925926371825251
-0.0064267729282500696
-0.008122559917635469
-0.01024650945467552
-0.012692198816584364
-0.015050445014630391
-0.01657344012269534
-0.01657344012269534
-0.015050445014630391
-0.012692198816584361
-0.01024650945467552
-0.008122559917635469
-0.0064267729282500696
-0.006426755299443967
-0.007718268697521947
-0.009066504693491087
-0.010246506371620764
-0.010954015624748093
-0.010954015624748091
-0.010246506371620764
-0.009066504693491087
-0.007718268697521948
-0.006426755299443967
-0.005925930800445356
-0.006708885059895074
-0.007350956840782855
-0.007718271295216858
-0.007718271295216858
-0.007350956840782855
-0.006708885059895073
-0.005925930800445355
0.005925930800445355
0.006708885059895073
0.007350956840782855
0.0077182712952168575
0.00771827129521686
0.0073509568407828536
0.006708885059895074
0.005925930800445355
0.006426755299443969
0.0077182686975219485
0.009066504693491089
0.010246506371620764
0.010954015624748095
0.010954015624748093
0.010246506371620764
0.00906650469349109
0.007718268697521947
0.006426755299443965
0.0064267729282500696
0.008122559917635469
0.010246509454675524
0.012692198816584361
0.015050445014630395
0.016573440122695342
0.01657344012269534
0.015050445014630395
0.01269219881658436
0.010246509454675522
0.008122559917635467
0.006426772928250069
0.005925926371825252
0.007718284949593487
0.010246541788160845
0.013775070868294144
0.0184222909862329
0.02361519496915742
0.02741092326331272
0.027410923263312726
0.023615194969157424
0.0184222909862329
0.013775070868294142
0.010246541788160845
0.007718284949593485
0.005925926371825252
0.00670887965319271
0.009066495113076025
0.012692177679902982
0.01842233739477161
0.02741084451915954
0.039936544509721235
0.05119614120949887
0.05119614120949887
0.03993654450972123
0.02741084451915954
0.01842233739477161
0.012692177679902982
0.009066495113076027
0.006708879653192712
0.007350944532141884
0.010246500556240407
0.015050396855771761
0.02361508693860712
0.039936748515649226
0.06976951965568667
0.08957751087157155
0.08957751087157159
0.06976951965568669
0.039936748515649226
0.023615086938607123
0.015050396855771758
0.010246500556240405
0.007350944532141883
0.007718255484428319
0.01095401306050424
0.016573388503701353
0.027410784182388747
0.051195789371821655
0.08957404057368472
0.08315967353848615
0.08315967353848618
0.08957404057368515
0.051195789371821655
0.02741078418238875
0.01657338850370135
0.01095401306050424
0.0077182554844283215
0.007718255484428319
0.010954013060504243
0.016573388503701353
0.027410784182388754
0.05119578937182166
0.08957404057368464
0.08315967353848613
0.08315967353848619
0.08957404057368526
0.05119578937182166
0.027410784182388744
0.01657338850370135
0.01095401306050424
0.00771825548442832
0.007350944532141885
0.010246500556240407
0.015050396855771765
0.023615086938607123
0.03993674851564922
0.06976951965568667
0.08957751087157206
0.08957751087157209
0.06976951965568667
0.039936748515649226
0.02361508693860712
0.015050396855771761
0.010246500556240407
0.007350944532141885
0.0067088796531927074
0.009066495113076025
0.012692177679902978
0.018422337394771615
0.02741084451915954
0.03993654450972123
0.05119614120949887
0.05119614120949887
0.03993654450972123
0.02741084451915954
0.01842233739477161
0.012692177679902982
0.009066495113076025
0.006708879653192711
0.005925926371825252
0.007718284949593486
0.010246541788160845
0.01377507086829414
0.0184222909862329
0.02361519496915742
0.027410923263312726
0.027410923263312723
0.023615194969157424
0.0184222909862329
0.013775070868294144
0.010246541788160845
0.007718284949593485
0.005925926371825252
0.0064267729282500696
0.008122559917635469
0.01024650945467552
0.012692198816584361
0.015050445014630397
0.016573440122695342
0.016573440122695335
0.015050445014630397
0.012692198816584364
0.010246509454675522
0.008122559917635469
0.0064267729282500696
0.006426755299443967
0.007718268697521946
0.009066504693491087
0.010246506371620764
0.010954015624748093
0.010954015624748091
0.010246506371620764
0.009066504693491087
0.007718268697521949
0.006426755299443967
0.005925930800445355
0.006708885059895073
0.007350956840782855
0.00771827129521686
0.007718271295216858
0.0073509568407828536
0.006708885059895073
0.005925930800445354
0.019280308917279543
0.021047524316869872
0.022052900972266583
0.022052900972266583
0.02104752431686987
0.019280308917279547
0.018499787215335746
0.022052895589875034
0.025708974058992896
0.028865719358022617
0.030739637806193286
0.030739637806193286
0.02886571935802262
0.025708974058992893
0.022052895589875034
0.01849978721533574
0.01849978797405735
0.023154901427638375
0.028865707413319185
0.03528532507880843
0.041325330974416825
0.04515147501205521
0.045151475012055214
0.041325330974416825
0.03528532507880843
0.028865707413319185
0.023154901427638375
0.018499787974057352
0.02205288516645014
0.028865706309219058
0.03807664702576626
0.04972043714788543
0.06213463591786124
0.0708456197017327
0.0708456197017327
0.06213463591786124
0.04972043714788543
0.03807664702576626
0.028865706309219055
0.02205288516645014
0.01928030148298606
0.02570897804505913
0.035285287151114106
0.049720429536532294
0.07084548304161327
0.09770389467187476
0.11981090726702265
0.11981090726702265
0.09770389467187476
0.07084548304161327
0.04972042953653229
0.0352852871511141
0.02570897804505913
0.01928030148298606
0.02104751492324739
0.028865692333691906
0.04132525848264473
0.062134594655415626
0.09769611264967022
0.15358783006270219
0.20930943033580118
0.20930943033580116
0.15358783006270219
0.09769611264967021
0.062134594655415626
0.04132525848264473
0.028865692333691906
0.02104751492324739
0.02205300569198894
0.030739595066749326
0.045151512833198536
0.07084541625221055
0.1198106994545278
0.20930916538557737
0.2687307471461522
0.2687307471461522
0.20930916538557737
0.11981069945452778
0.07084541625221054
0.04515151283319853
0.030739595066749323
0.022053005691988942
0.022053005691988942
0.030739595066749326
0.04515151283319853
0.07084541625221054
0.1198106994545278
0.20930916538557734
0.2687307471461522
0.2687307471461522
0.2093091653855773
0.1198106994545278
0.07084541625221054
0.045151512833198536
0.030739595066749326
0.02205300569198894
0.02104751492324739
0.028865692333691906
0.04132525848264474
0.06213459465541563
0.09769611264967021
0.15358783006270216
0.20930943033580116
0.20930943033580118
0.15358783006270216
0.09769611264967021
0.062134594655415626
0.04132525848264473
0.028865692333691906
0.02104751492324739
0.019280301482986057
0.025708978045059127
0.0352852871511141
0.0497204295365323
0.07084548304161326
0.09770389467187476
0.11981090726702265
0.11981090726702265
0.09770389467187475
0.07084548304161326
0.049720429536532294
0.0352852871511141
0.025708978045059123
0.019280301482986057
0.02205288516645014
0.028865706309219055
0.03807664702576626
0.04972043714788544
0.06213463591786123
0.0708456197017327
0.0708456197017327
0.06213463591786123
0.04972043714788543
0.038076647025766255
0.02886570630921905
0.02205288516645014
0.01849978797405735
0.02315490142763837
0.028865707413319185
0.03528532507880843
0.041325330974416825
0.04515147501205521
0.04515147501205521
0.041325330974416825
0.035285325078808424
0.028865707413319185
0.023154901427638375
0.01849978797405735
0.01849978721533575
0.022052895589875034
0.02570897405899289
0.028865719358022617
0.030739637806193282
0.030739637806193282
0.02886571935802262
0.025708974058992896
0.022052895589875034
0.018499787215335746
0.019280308917279547
0.02104752431686987
0.022052900972266583
0.022052900972266583
0.021047524316869872
0.019280308917279543
0.029629740364400005
0.03213388987234475
0.0335445396195211
0.0335445396195211
0.03213388987234475
0.029629740364399998
0.033544537793791955
0.038591455918135925
0.04284822180610831
0.04533269344532314
0.04533269344532313
0.04284822180610831
0.038591455918135925
0.033544537793791955
0.03507925063446561
0.04284819635682361
0.051232730386510744
0.05880887795091802
0.06346115193983283
0.06346115193983283
0.05880887795091804
0.051232730386510744
0.04284819635682361
0.03507925063446561
0.033544519381335756
0.042848178481817864
0.05477024877152682
0.06887554610572838
0.08286732232132664
0.09211176225399147
0.09211176225399147
0.08286732232132664
0.06887554610572838
0.05477024877152682
0.042848178481817864
0.03354451938133575
0.029629753173519985
0.03859139054704166
0.051232737868756345
0.06887556162627771
0.09211172488837843
0.11807589408151561
0.13705457123954476
0.13705457123954476
0.11807589408151561
0.09211172488837845
0.06887556162627771
0.051232737868756345
0.03859139054704165
0.029629753173519985
0.03213386348314159
0.0428481638167322
0.05880890566636307
0.08286720475987458
0.11807584531261732
0.1628387057232839
0.19968455706354166
0.19968455706354166
0.1628387057232839
0.11807584531261733
0.08286720475987457
0.058808905666363084
0.04284816381673219
0.03213386348314159
0.0335444935595704
0.045332771003740745
0.06346111042812042
0.09211186749435463
0.13705451434486718
0.19968511731991592
0.2559798946596984
0.25597989465969845
0.1996851173199159
0.13705451434486715
0.09211186749435461
0.06346111042812042
0.045332771003740745
0.03354449355957039
0.0335444935595704
0.04533277100374074
0.06346111042812043
0.0921118674943546
0.13705451434486718
0.1996851173199159
0.25597989465969845
0.2559798946596984
0.1996851173199159
0.13705451434486715
0.0921118674943546
0.06346111042812042
0.045332771003740745
0.0335444935595704
0.03213386348314158
0.04284816381673219
0.05880890566636308
0.08286720475987455
0.1180758453126173
0.16283870572328385
0.19968455706354166
0.19968455706354168
0.16283870572328385
0.1180758453126173
0.08286720475987455
0.05880890566636307
0.042848163816732183
0.03213386348314159
0.029629753173519985
0.03859139054704166
0.051232737868756345
0.06887556162627773
0.09211172488837843
0.11807589408151563
0.13705457123954476
0.1370545712395448
0.11807589408151561
0.09211172488837843
0.06887556162627773
0.051232737868756345
0.03859139054704166
0.029629753173519985
0.03354451938133575
0.04284817848181787
0.05477024877152682
0.06887554610572838
0.08286732232132665
0.09211176225399147
0.09211176225399147
0.08286732232132663
0.06887554610572838
0.05477024877152682
0.04284817848181787
0.033544519381335756
0.03507925063446561
0.04284819635682361
0.051232730386510744
0.05880887795091801
0.06346115193983283
0.06346115193983283
0.058808877950918034
0.05123273038651075
0.042848196356823604
0.03507925063446561
0.03354453779379196
0.03859145591813593
0.04284822180610831
0.04533269344532313
0.04533269344532313
0.04284822180610831
0.038591455918135925
0.033544537793791955
0.029629740364399998
0.03213388987234475
0.0335445396195211
0.0335445396195211
0.03213388987234475
0.029629740364399998
0.04148159949691357
0.04148159949691357
0.041481583518540366
0.04696239532533594
0.05145687844058675
0.054028071121568245
0.054028071121568245
0.05145687844058675
0.04696239532533594
0.041481583518540366
0.043166152143608624
0.05145688331296706
0.059987573319480264
0.06735330503133866
0.07172578515232668
0.07172578515232668
0.06735330503133866
0.059987573319480264
0.05145688331296706
0.043166152143608624
0.04148156135331969
0.05145689049789526
0.0634657173921335
0.07667833203654205
0.0888457179861886
0.096425863385943
0.096425863385943
0.0888457179861886
0.07667833203654206
0.0634657173921335
0.05145689049789525
0.041481561353319686
0.04696245279877868
0.059987585487464176
0.0766782887408995
0.09642590082287758
0.11601428904300072
0.1289563688497166
0.1289563688497166
0.11601428904300072
0.09642590082287758
0.0766782887408995
0.05998758548746417
0.04696245279877868
0.051456948357063485
0.0673532640239435
0.08884587184043861
0.11601433960260553
0.1449806709251413
0.16530610780530386
0.1653061078053039
0.14498067092514128
0.11601433960260554
0.08884587184043863
0.06735326402394348
0.051456948357063485
0.0414815477256642
0.05402816911090722
0.07172569481822309
0.09642605328368997
0.1289564076282268
0.16530591354501536
0.19187691187990355
0.19187691187990355
0.16530591354501536
0.12895640762822683
0.09642605328369
0.07172569481822309
0.054028169110907215
0.04148154772566421
0.04148154772566421
0.05402816911090722
0.07172569481822309
0.09642605328368999
0.12895640762822683
0.16530591354501536
0.19187691187990355
0.19187691187990355
0.16530591354501536
0.12895640762822683
0.09642605328369
0.07172569481822308
0.054028169110907215
0.0414815477256642
0.051456948357063485
0.0673532640239435
0.08884587184043863
0.11601433960260554
0.14498067092514128
0.16530610780530391
0.1653061078053039
0.1449806709251413
0.11601433960260554
0.08884587184043863
0.06735326402394348
0.051456948357063485
0.046962452798778684
0.059987585487464176
0.0766782887408995
0.09642590082287758
0.11601428904300073
0.1289563688497166
0.12895636884971662
0.1160142890430007
0.09642590082287758
0.0766782887408995
0.05998758548746417
0.046962452798778684
0.04148156135331969
0.05145689049789525
0.0634657173921335
0.07667833203654205
0.0888457179861886
0.09642586338594301
0.096425863385943
0.08884571798618861
0.07667833203654206
0.0634657173921335
0.05145689049789525
0.0414815613533197
0.043166152143608624
0.051456883312967064
0.059987573319480264
0.06735330503133866
0.0717257851523267
0.0717257851523267
0.06735330503133866
0.05998757331948027
0.051456883312967064
0.043166152143608624
0.041481583518540366
0.04696239532533594
0.05145687844058676
0.054028071121568245
0.05402807112156825
0.05145687844058674
0.04696239532533594
0.041481583518540366
0.041481599496913574
0.04148159949691357
0.05549945766223507
0.05784101455330225
0.05784101455330224
0.05549945766223506
0.0554994628860188
0.06314267109979425
0.06946463353045892
0.0731032951972501
0.07310329519725012
0.06946463353045892
0.06314267109979425
0.0554994628860188
0.05549945956715156
0.06615880905937987
0.07712680690114318
0.086596975818754
0.0922189372077878
0.09221893720778782
0.08659697581875399
0.07712680690114318
0.06615880905937989
0.05549945956715155
0.06314269721972787
0.07712676969398367
0.09221901614914244
0.10585605140158495
0.1142300815832306
0.11423008158323059
0.10585605140158494
0.09221901614914244
0.07712676969398366
0.06314269721972787
0.05549950825479354
0.06946457621643086
0.08659689452557803
0.10585609242175001
0.12397610000850151
0.13545420338073738
0.13545420338073738
0.12397610000850154
0.10585609242175001
0.08659689452557803
0.06946457621643085
0.05549950825479354
0.057841087961677064
0.07310319730389028
0.09221913555426253
0.11423022426104214
0.13545411239728256
0.14916104985307693
0.14916104985307693
0.13545411239728256
0.11423022426104212
0.09221913555426253
0.0731031973038903
0.05784108796167706
0.057841087961677064
0.07310319730389028
0.09221913555426253
0.11423022426104212
0.13545411239728258
0.14916104985307693
0.14916104985307693
0.13545411239728256
0.11423022426104212
0.09221913555426253
0.07310319730389028
0.057841087961677064
0.05549950825479355
0.06946457621643086
0.08659689452557803
0.10585609242175001
0.12397610000850152
0.13545420338073738
0.13545420338073738
0.12397610000850152
0.10585609242175001
0.08659689452557803
0.06946457621643086
0.055499508254793536
0.06314269721972787
0.07712676969398366
0.09221901614914244
0.10585605140158494
0.11423008158323059
0.11423008158323059
0.10585605140158495
0.09221901614914246
0.07712676969398366
0.06314269721972787
0.055499459567151556
0.06615880905937987
0.07712680690114318
0.086596975818754
0.0922189372077878
0.0922189372077878
0.086596975818754
0.07712680690114318
0.06615880905937987
0.05549945956715156
0.0554994628860188
0.06314267109979425
0.06946463353045892
0.0731032951972501
0.0731032951972501
0.06946463353045892
0.06314267109979425
0.0554994628860188
0.05549945766223506
0.05784101455330225
0.05784101455330224
0.05549945766223506
0.06783264551184061
0.07069454245961197
0.07069454245961197
0.06783264551184062
0.06518544764918298
0.07379790687041665
0.08086064126542983
0.08490109059041347
0.08490109059041348
0.08086064126542983
0.07379790687041665
0.06518544764918296
0.07379789870786199
0.08490106567238001
0.09426633026788646
0.09973196381598491
0.09973196381598491
0.09426633026788646
0.08490106567238
0.07379789870786199
0.06783258448909256
0.08086060683628075
0.09426647990245345
0.10584101582557048
0.11271206521006605
0.11271206521006605
0.10584101582557048
0.09426647990245345
0.08086060683628074
0.06783258448909256
0.07069446104149132
0.08490105518517076
0.09973214816889665
0.11271216715442989
0.12049465396548863
0.12049465396548861
0.11271216715442989
0.09973214816889664
0.08490105518517077
0.07069446104149134
0.07069446104149132
0.08490105518517077
0.09973214816889667
0.11271216715442989
0.12049465396548861
0.12049465396548861
0.11271216715442989
0.09973214816889664
0.08490105518517077
0.07069446104149132
0.06783258448909255
0.08086060683628075
0.09426647990245345
0.10584101582557048
0.11271206521006605
0.11271206521006605
0.10584101582557048
0.09426647990245345
0.08086060683628075
0.06783258448909255
0.073797898707862
0.08490106567238
0.09426633026788644
0.09973196381598491
0.09973196381598491
0.09426633026788644
0.08490106567238001
0.073797898707862
0.06518544764918298
0.07379790687041665
0.08086064126542983
0.08490109059041348
0.08490109059041348
0.08086064126542983
0.07379790687041667
0.06518544764918296
0.06783264551184062
0.07069454245961197
0.07069454245961199
0.06783264551184062
0.07703721715665962
0.07703721715665962
0.0770371996955769
0.08354795750083382
0.08721560866028726
0.08721560866028727
0.08354795750083382
0.07703719969557692
0.08354791432741726
0.09120637729447822
0.09556300766045839
0.09556300766045837
0.09120637729447822
0.08354791432741726
0.07703717301966542
0.08721561845038918
0.09556303440924914
0.10033814333468029
0.10033814333468029
0.09556303440924914
0.08721561845038918
0.07703717301966542
0.07703717301966544
0.08721561845038918
0.09556303440924914
0.10033814333468027
0.10033814333468029
0.09556303440924913
0.08721561845038918
0.07703717301966542
0.08354791432741726
0.09120637729447822
0.09556300766045837
0.09556300766045839
0.09120637729447821
0.08354791432741726
0.0770371996955769
0.08354795750083381
0.08721560866028726
0.08721560866028724
0.08354795750083382
0.0770371996955769
0.07703721715665963
0.07703721715665965