-1.1172135350840249
-1.150339172944946
-1.1503391729449457
-1.1172135350840249
-1.1503387365131708
-1.2225345301846187
-1.2619609595113548
-1.2619609595113548
-1.2225345301846187
-1.1503387365131705
-1.1172133516425156
-1.2225342989037842
-1.303879427324987
-1.3485277213759823
-1.3485277213759825
-1.303879427324987
-1.2225342989037842
-1.1172133516425156
-1.1503391953588569
-1.2619608024622773
-1.3485271196117545
-1.39617164541826
-1.39617164541826
-1.3485271196117548
-1.2619608024622773
-1.150339195358857
-1.150339195358857
-1.2619608024622773
-1.3485271196117548
-1.39617164541826
-1.39617164541826
-1.3485271196117548
-1.2619608024622773
-1.150339195358857
-1.1172133516425156
-1.222534298903784
-1.303879427324987
-1.3485277213759825
-1.3485277213759823
-1.303879427324987
-1.2225342989037842
-1.1172133516425156
-1.1503387365131708
-1.2225345301846187
-1.2619609595113548
-1.2619609595113548
-1.2225345301846184
-1.1503387365131705
-1.1172135350840249
-1.150339172944946
-1.1503391729449457
-1.1172135350840249
-0.9969618591696368
-1.0595311400721763
-1.0937003028132457
-1.093700302813246
-1.0595311400721763
-0.9969618591696369
-1.027336997918973
-1.1300293224183402
-1.2100164760640002
-1.2541667954242997
-1.2541667954242994
-1.2100164760640002
-1.1300293224183402
-1.027336997918973
-0.996960538410064
-1.130029540389371
-1.2541659517307562
-1.352267645865063
-1.4069409677195985
-1.4069409677195983
-1.352267645865063
-1.254165951730756
-1.1300295403893712
-0.9969605384100642
-1.0595302182813522
-1.2100158635163458
-1.352267214307112
-1.4659301354905303
-1.5297425329821035
-1.5297425329821035
-1.4659301354905305
-1.3522672143071117
-1.2100158635163458
-1.0595302182813522
-1.0937001972820883
-1.2541663624767372
-1.4069393737907228
-1.5297414093598536
-1.5989572914970096
-1.5989572914970096
-1.5297414093598536
-1.4069393737907228
-1.2541663624767372
-1.0937001972820883
-1.0937001972820883
-1.2541663624767372
-1.4069393737907228
-1.5297414093598536
-1.5989572914970096
-1.5989572914970096
-1.5297414093598536
-1.406939373790723
-1.2541663624767372
-1.0937001972820883
-1.0595302182813522
-1.2100158635163458
-1.352267214307112
-1.4659301354905303
-1.5297425329821037
-1.5297425329821035
-1.4659301354905303
-1.3522672143071117
-1.2100158635163458
-1.0595302182813522
-0.9969605384100642
-1.130029540389371
-1.254165951730756
-1.352267645865063
-1.4069409677195985
-1.4069409677195985
-1.3522676458650633
-1.254165951730756
-1.1300295403893712
-0.996960538410064
-1.027336997918973
-1.1300293224183404
-1.2100164760640002
-1.2541667954242997
-1.2541667954242997
-1.2100164760640002
-1.1300293224183404
-1.0273369979189728
-0.9969618591696369
-1.0595311400721763
-1.0937003028132457
-1.0937003028132457
-1.0595311400721763
-0.9969618591696369
-0.8692858778922709
-0.9254378573211499
-0.9561811423670177
-0.9561811423670177
-0.9254378573211499
-0.8692858778922709
-0.819289083267533
-0.9254374232758071
-1.0238614407924156
-1.1012466757799266
-1.1442280662714357
-1.1442280662714357
-1.1012466757799264
-1.0238614407924156
-0.9254374232758072
-0.819289083267533
-0.9254368812272251
-1.061218124969167
-1.1904892144483874
-1.2943989750897789
-1.3529672529526433
-1.3529672529526433
-1.2943989750897789
-1.1904892144483874
-1.061218124969167
-0.9254368812272251
-0.8692846164777769
-1.0238594666895002
-1.1904885830455698
-1.3529655008995798
-1.4861758508218914
-1.5622295937454478
-1.5622295937454478
-1.4861758508218914
-1.3529655008995798
-1.1904885830455698
-1.0238594666895002
-0.8692846164777768
-0.9254362801447154
-1.1012447376618295
-1.2943977031045195
-1.4861749758622367
-1.6456989620639115
-1.737579232145786
-1.737579232145786
-1.6456989620639115
-1.486174975862237
-1.2943977031045195
-1.1012447376618295
-0.9254362801447154
-0.9561787686555157
-1.1442265663167945
-1.3529645829340273
-1.5622265659814416
-1.7375772622597982
-1.8389728693059657
-1.8389728693059657
-1.737577262259798
-1.5622265659814416
-1.3529645829340273
-1.1442265663167943
-0.9561787686555157
-0.9561787686555158
-1.1442265663167945
-1.3529645829340273
-1.5622265659814416
-1.7375772622597982
-1.8389728693059655
-1.8389728693059657
-1.7375772622597982
-1.5622265659814416
-1.3529645829340273
-1.1442265663167945
-0.9561787686555158
-0.9254362801447154
-1.1012447376618293
-1.2943977031045195
-1.4861749758622367
-1.6456989620639113
-1.737579232145786
-1.737579232145786
-1.6456989620639115
-1.486174975862237
-1.2943977031045195
-1.1012447376618295
-0.9254362801447154
-0.8692846164777769
-1.0238594666895002
-1.1904885830455698
-1.3529655008995798
-1.4861758508218914
-1.5622295937454478
-1.5622295937454478
-1.4861758508218914
-1.3529655008995798
-1.1904885830455698
-1.0238594666895002
-0.8692846164777769
-0.925436881227225
-1.061218124969167
-1.1904892144483874
-1.2943989750897789
-1.3529672529526433
-1.3529672529526433
-1.2943989750897789
-1.1904892144483874
-1.061218124969167
-0.9254368812272251
-0.819289083267533
-0.9254374232758071
-1.0238614407924156
-1.1012466757799266
-1.1442280662714357
-1.1442280662714357
-1.1012466757799266
-1.0238614407924156
-0.9254374232758071
-0.8192890832675329
-0.8692858778922707
-0.9254378573211499
-0.9561811423670178
-0.9561811423670177
-0.9254378573211499
-0.8692858778922707
-0.6902038277829996
-0.7335233415060824
-0.7571771549752095
-0.7571771549752095
-0.7335233415060824
-0.6902038277829996
-0.6703278176451671
-0.7571774464228982
-0.8377037560362591
-0.9010185551052978
-0.9361855617289215
-0.9361855617289215
-0.9010185551052978
-0.837703756036259
-0.7571774464228983
-0.670327817645167
-0.6703274713806698
-0.782327512284857
-0.9010179536053201
-1.0148756770780405
-1.106974411456775
-1.1590989937940077
-1.1590989937940077
-1.106974411456775
-1.0148756770780405
-0.9010179536053201
-0.782327512284857
-0.67032747138067
-0.7571736829879758
-0.9010175034170198
-1.0590537692874145
-1.2159630257108838
-1.3464845656310531
-1.421656220183605
-1.421656220183605
-1.3464845656310531
-1.2159630257108838
-1.0590537692874145
-0.9010175034170198
-0.7571736829879758
-0.6902026643678826
-0.8377025792517885
-1.014874662765418
-1.2159616585283803
-1.4216563738956165
-1.596338565347553
-1.6977876437938282
-1.6977876437938282
-1.596338565347553
-1.4216563738956165
-1.2159616585283803
-1.014874662765418
-0.8377025792517886
-0.6902026643678826
-0.7335196112103237
-0.9010168313229822
-1.1069716835437666
-1.346481297571816
-1.5963365457492198
-1.8097071879805655
-1.932071003994578
-1.9320710039945777
-1.8097071879805653
-1.5963365457492198
-1.3464812975718161
-1.1069716835437668
-0.9010168313229823
-0.7335196112103237
-0.7571749866670272
-0.9361836973230029
-1.1590965584693809
-1.4216549338829572
-1.697786045270451
-1.9320684959953685
-2.0625356048010755
-2.0625356048010755
-1.9320684959953687
-1.6977860452704507
-1.421654933882957
-1.1590965584693809
-0.9361836973230028
-0.7571749866670272
-0.7571749866670273
-0.9361836973230029
-1.159096558469381
-1.421654933882957
-1.697786045270451
-1.9320684959953685
-2.0625356048010755
-2.0625356048010755
-1.9320684959953685
-1.6977860452704507
-1.421654933882957
-1.1590965584693809
-0.9361836973230029
-0.7571749866670272
-0.7335196112103237
-0.9010168313229822
-1.1069716835437668
-1.3464812975718161
-1.5963365457492198
-1.8097071879805655
-1.932071003994578
-1.9320710039945779
-1.8097071879805653
-1.59633654574922
-1.3464812975718161
-1.1069716835437666
-0.9010168313229822
-0.7335196112103237
-0.6902026643678827
-0.8377025792517886
-1.014874662765418
-1.2159616585283801
-1.4216563738956167
-1.596338565347553
-1.6977876437938284
-1.6977876437938282
-1.596338565347553
-1.4216563738956165
-1.2159616585283803
-1.014874662765418
-0.8377025792517886
-0.6902026643678826
-0.7571736829879758
-0.9010175034170198
-1.0590537692874145
-1.2159630257108838
-1.346484565631053
-1.421656220183605
-1.421656220183605
-1.3464845656310531
-1.2159630257108838
-1.0590537692874145
-0.9010175034170198
-0.7571736829879758
-0.67032747138067
-0.782327512284857
-0.9010179536053201
-1.0148756770780405
-1.106974411456775
-1.1590989937940077
-1.1590989937940075
-1.1069744114567752
-1.0148756770780405
-0.9010179536053201
-0.782327512284857
-0.67032747138067
-0.6703278176451671
-0.7571774464228983
-0.8377037560362592
-0.9010185551052978
-0.9361855617289215
-0.9361855617289216
-0.9010185551052979
-0.8377037560362591
-0.7571774464228983
-0.6703278176451671
-0.6902038277829996
-0.7335233415060824
-0.7571771549752097
-0.7571771549752097
-0.7335233415060824
-0.6902038277829996
-0.5213663643585682
-0.5368250745948292
-0.5368250745948292
-0.5213663643585682
-0.5531819440901178
-0.6084774066635046
-0.6515477953343076
-0.675321229961217
-0.675321229961217
-0.6515477953343076
-0.6084774066635046
-0.5531819440901179
-0.5889148297687274
-0.6753201810721434
-0.7575884916389019
-0.8237089020714887
-0.8609794251260903
-0.8609794251260903
-0.8237089020714886
-0.7575884916389017
-0.6753201810721434
-0.5889148297687274
-0.5889145776059453
-0.700792243688048
-0.8237076310754567
-0.9457486185682318
-1.0472659736657093
-1.1057351387997398
-1.1057351387997396
-1.0472659736657093
-0.9457486185682318
-0.8237076310754566
-0.700792243688048
-0.5889145776059452
-0.5531814648133084
-0.6753194032010378
-0.8237065635716223
-0.9941457549864832
-1.1702602689846582
-1.3205032336205793
-1.4075540421787833
-1.4075540421787833
-1.3205032336205793
-1.170260268984658
-0.9941457549864832
-0.8237065635716222
-0.6753194032010378
-0.5531814648133084
-0.6084764934090263
-0.7575825421443321
-0.9457471394361691
-1.1702600901964841
-1.4075504579981262
-1.604193550985617
-1.7041379742574692
-1.7041379742574694
-1.604193550985617
-1.407550457998126
-1.1702600901964841
-0.9457471394361692
-0.7575825421443321
-0.6084764934090263
-0.5213662723100743
-0.6515462631322765
-0.8237065473643216
-1.047264815339064
-1.3205009942782442
-1.6041918801569175
-1.7629219286403603
-1.7767317151488686
-1.7767317151488686
-1.7629219286403615
-1.6041918801569175
-1.3205009942782442
-1.0472648153390638
-0.8237065473643216
-0.6515462631322765
-0.5213662723100743
-0.5368246089240416
-0.6753193594368754
-0.860976618656054
-1.1057327334334648
-1.4075499176858275
-1.7041367779644598
-1.7767322528995693
-1.761984789682213
-1.7619847896822127
-1.7767322528995695
-1.7041367779644598
-1.4075499176858273
-1.1057327334334648
-0.8609766186560539
-0.6753193594368754
-0.5368246089240416
-0.5368246089240416
-0.6753193594368754
-0.8609766186560539
-1.1057327334334648
-1.4075499176858273
-1.7041367779644598
-1.7767322528995693
-1.7619847896822127
-1.761984789682213
-1.7767322528995693
-1.7041367779644598
-1.4075499176858275
-1.1057327334334648
-0.8609766186560539
-0.6753193594368754
-0.5368246089240416
-0.5213662723100743
-0.6515462631322765
-0.8237065473643217
-1.0472648153390638
-1.3205009942782442
-1.6041918801569175
-1.7629219286403601
-1.7767317151488689
-1.7767317151488689
-1.7629219286403612
-1.6041918801569175
-1.3205009942782442
-1.047264815339064
-0.8237065473643217
-0.6515462631322765
-0.5213662723100743
-0.6084764934090263
-0.7575825421443322
-0.9457471394361692
-1.1702600901964844
-1.4075504579981262
-1.6041935509856171
-1.7041379742574694
-1.7041379742574692
-1.6041935509856171
-1.407550457998126
-1.1702600901964844
-0.9457471394361691
-0.7575825421443321
-0.6084764934090263
-0.5531814648133084
-0.6753194032010378
-0.8237065635716223
-0.9941457549864832
-1.170260268984658
-1.3205032336205795
-1.4075540421787833
-1.407554042178783
-1.3205032336205793
-1.1702602689846582
-0.9941457549864832
-0.8237065635716223
-0.6753194032010378
-0.5531814648133084
-0.5889145776059453
-0.700792243688048
-0.8237076310754567
-0.9457486185682318
-1.0472659736657093
-1.1057351387997398
-1.1057351387997398
-1.0472659736657093
-0.9457486185682318
-0.8237076310754566
-0.7007922436880482
-0.5889145776059452
-0.5889148297687274
-0.6753201810721434
-0.7575884916389017
-0.8237089020714886
-0.8609794251260903
-0.8609794251260903
-0.8237089020714886
-0.7575884916389019
-0.6753201810721435
-0.5889148297687276
-0.5531819440901179
-0.6084774066635046
-0.6515477953343077
-0.675321229961217
-0.675321229961217
-0.6515477953343077
-0.6084774066635046
-0.5531819440901179
-0.5213663643585682
-0.5368250745948292
-0.5368250745948292
-0.5213663643585682
-0.3834458177308403
-0.40751093202759003
-0.4206531656678045
-0.42065316566780453
-0.40751093202759003
-0.3834458177308403
-0.3834447488353165
-0.4346259779689009
-0.4823711179038298
-0.5201025789143119
-0.5411309223929291
-0.541130922392929
-0.520102578914312
-0.4823711179038298
-0.4346259779689009
-0.38344474883531643
-0.39513032075249155
-0.46538997519393327
-0.5411301558436339
-0.6149837882245519
-0.675534324335174
-0.7101042523725537
-0.7101042523725538
-0.6755343243351741
-0.6149837882245519
-0.5411301558436339
-0.4653899751939332
-0.3951303207524916
-0.38344555633546895
-0.4653899593632795
-0.5638266750589263
-0.6755335048910516
-0.7898082877444961
-0.8868526322876606
-0.9432143840970468
-0.9432143840970468
-0.8868526322876606
-0.7898082877444961
-0.6755335048910516
-0.5638266750589263
-0.4653899593632794
-0.38344555633546895
-0.43462572138266886
-0.5411297783918894
-0.6755334327762943
-0.8358959561582062
-1.0053922657693357
-1.1458509766657812
-1.217240285611592
-1.217240285611592
-1.1458509766657812
-1.0053922657693357
-0.8358959561582062
-0.6755334327762943
-0.5411297783918892
-0.43462572138266886
-0.3834454235240055
-0.48237072081659493
-0.6149829350856516
-0.7898073077179666
-1.005393819737971
-1.2172394360997767
-1.26909647468618
-1.2585614802493668
-1.2585614802493668
-1.2690964746861801
-1.2172394360997765
-1.005393819737971
-0.7898073077179666
-0.6149829350856516
-0.4823707208165949
-0.38344542352400557
-0.40751058229365533
-0.5201023505193464
-0.6755327522160679
-0.8868525996605385
-1.1458536088173297
-1.2690944625213223
-1.2279824054071946
-1.1739377772995643
-1.1739377772995643
-1.2279824054071946
-1.2690944625213223
-1.1458536088173297
-0.8868525996605384
-0.6755327522160679
-0.5201023505193464
-0.40751058229365533
-0.4206525561902972
-0.5411298227223238
-0.7101020805007311
-0.9432131432901334
-1.2172396321042036
-1.2585578109352364
-1.1739396385954322
-1.0885900429327595
-1.0885900429327595
-1.1739396385954322
-1.2585578109352369
-1.2172396321042036
-0.9432131432901335
-0.7101020805007311
-0.5411298227223238
-0.4206525561902972
-0.4206525561902972
-0.5411298227223238
-0.7101020805007311
-0.9432131432901334
-1.2172396321042034
-1.258557810935237
-1.1739396385954324
-1.0885900429327595
-1.0885900429327595
-1.1739396385954322
-1.2585578109352378
-1.2172396321042036
-0.9432131432901334
-0.7101020805007311
-0.5411298227223239
-0.4206525561902972
-0.40751058229365533
-0.5201023505193464
-0.6755327522160679
-0.8868525996605384
-1.14585360881733
-1.269094462521322
-1.2279824054071946
-1.1739377772995643
-1.1739377772995645
-1.2279824054071948
-1.2690944625213223
-1.1458536088173297
-0.8868525996605384
-0.6755327522160679
-0.5201023505193464
-0.40751058229365533
-0.3834454235240055
-0.4823707208165949
-0.6149829350856516
-0.7898073077179667
-1.005393819737971
-1.2172394360997767
-1.26909647468618
-1.2585614802493668
-1.2585614802493668
-1.26909647468618
-1.2172394360997765
-1.0053938197379708
-0.7898073077179667
-0.6149829350856516
-0.48237072081659493
-0.38344542352400557
-0.4346257213826688
-0.5411297783918894
-0.6755334327762943
-0.8358959561582062
-1.0053922657693357
-1.145850976665781
-1.217240285611592
-1.217240285611592
-1.145850976665781
-1.0053922657693357
-0.8358959561582062
-0.6755334327762943
-0.5411297783918892
-0.43462572138266886
-0.38344555633546895
-0.4653899593632794
-0.5638266750589263
-0.6755335048910515
-0.7898082877444961
-0.8868526322876606
-0.9432143840970468
-0.9432143840970468
-0.8868526322876606
-0.7898082877444961
-0.6755335048910515
-0.5638266750589263
-0.4653899593632794
-0.38344555633546895
-0.3951303207524916
-0.4653899751939332
-0.5411301558436339
-0.6149837882245519
-0.6755343243351741
-0.7101042523725537
-0.7101042523725538
-0.675534324335174
-0.6149837882245519
-0.5411301558436339
-0.4653899751939332
-0.3951303207524916
-0.3834447488353165
-0.43462597796890085
-0.4823711179038298
-0.5201025789143119
-0.5411309223929291
-0.541130922392929
-0.520102578914312
-0.4823711179038298
-0.43462597796890085
-0.38344474883531654
-0.38344581773084035
-0.40751093202759003
-0.42065316566780453
-0.42065316566780453
-0.40751093202759003
-0.3834458177308403
-0.22344194544394544
-0.24450618343009903
-0.260775199032216
-0.2697048143403884
-0.2697048143403884
-0.260775199032216
-0.24450618343009906
-0.22344194544394544
-0.24450626325349478
-0.2792336489966195
-0.3120607849619833
-0.33829051009465755
-0.3530165900239698
-0.3530165900239698
-0.3382905100946576
-0.3120607849619833
-0.2792336489966195
-0.24450626325349478
-0.2523915344816208
-0.3003386297605541
-0.35301652521260535
-0.4053191773083217
-0.4488256910725157
-0.47388318410618263
-0.4738831841061827
-0.4488256910725157
-0.4053191773083217
-0.3530165252126053
-0.30033862976055403
-0.2523915344816208
-0.24450626001977732
-0.30033878592237684
-0.36898952372107313
-0.4488258723665882
-0.5321107170852261
-0.6032339893968597
-0.6440197315917093
-0.6440197315917093
-0.6032339893968596
-0.532110717085226
-0.4488258723665882
-0.3689895237210732
-0.3003387859223768
-0.24450626001977738
-0.22344206334361427
-0.2792338970963283
-0.353016941097109
-0.44882617514249745
-0.565927728911753
-0.6875089023176995
-0.7555346688924154
-0.7614528593092305
-0.7614528593092305
-0.755534668892416
-0.6875089023176993
-0.565927728911753
-0.44882617514249745
-0.353016941097109
-0.27923389709632823
-0.22344206334361427
-0.24450631990614974
-0.3120610700485776
-0.40531987096775113
-0.5321112271899713
-0.6875093219580461
-0.7614609893783145
-0.7367887563867088
-0.7043730675133744
-0.7043730675133744
-0.7367887563867087
-0.7614609893783146
-0.6875093219580461
-0.5321112271899713
-0.4053198709677512
-0.3120610700485776
-0.24450631990614974
-0.2607753607996667
-0.3382910062964951
-0.4488261476773766
-0.603234555875805
-0.7555371992695787
-0.7367888008228638
-0.6531452832203639
-0.5775896392214372
-0.577589639221437
-0.653145283220364
-0.7367888008228638
-0.7555371992695791
-0.6032345558758051
-0.4488261476773766
-0.3382910062964951
-0.2607753607996667
-0.26970502991998124
-0.35301672179290294
-0.473884218787633
-0.6440210745731837
-0.761462536126374
-0.704360791776454
-0.5775871399135177
-0.5255340061249253
-0.5255340061249254
-0.5775871399135176
-0.7043607917764545
-0.7614625361263726
-0.6440210745731836
-0.47388421878763304
-0.3530167217929029
-0.2697050299199813
-0.26970502991998124
-0.353016721792903
-0.4738842187876331
-0.6440210745731837
-0.761462536126373
-0.7043607917764542
-0.5775871399135176
-0.5255340061249253
-0.5255340061249254
-0.5775871399135177
-0.7043607917764545
-0.7614625361263733
-0.6440210745731837
-0.47388421878763304
-0.353016721792903
-0.2697050299199813
-0.2607753607996667
-0.33829100629649517
-0.4488261476773766
-0.603234555875805
-0.7555371992695786
-0.7367888008228628
-0.6531452832203639
-0.577589639221437
-0.5775896392214372
-0.6531452832203641
-0.7367888008228631
-0.755537199269579
-0.603234555875805
-0.4488261476773766
-0.3382910062964951
-0.2607753607996667
-0.24450631990614974
-0.3120610700485776
-0.40531987096775113
-0.5321112271899712
-0.6875093219580461
-0.7614609893783147
-0.7367887563867088
-0.7043730675133759
-0.7043730675133759
-0.7367887563867087
-0.7614609893783151
-0.6875093219580461
-0.5321112271899713
-0.40531987096775113
-0.31206107004857764
-0.24450631990614974
-0.22344206334361424
-0.2792338970963283
-0.353016941097109
-0.4488261751424975
-0.565927728911753
-0.6875089023176995
-0.7555346688924152
-0.7614528593092303
-0.7614528593092305
-0.7555346688924156
-0.6875089023176995
-0.5659277289117531
-0.44882617514249745
-0.353016941097109
-0.27923389709632823
-0.22344206334361422
-0.24450626001977732
-0.30033878592237684
-0.3689895237210732
-0.4488258723665882
-0.5321107170852262
-0.6032339893968596
-0.6440197315917093
-0.6440197315917093
-0.6032339893968597
-0.532110717085226
-0.4488258723665882
-0.3689895237210732
-0.30033878592237684
-0.24450626001977738
-0.2523915344816208
-0.3003386297605541
-0.3530165252126053
-0.4053191773083217
-0.4488256910725157
-0.4738831841061827
-0.4738831841061827
-0.4488256910725157
-0.40531917730832157
-0.3530165252126053
-0.3003386297605541
-0.2523915344816208
-0.24450626325349478
-0.2792336489966195
-0.3120607849619833
-0.33829051009465755
-0.3530165900239698
-0.3530165900239698
-0.33829051009465755
-0.3120607849619833
-0.2792336489966195
-0.24450626325349478
-0.22344194544394547
-0.24450618343009906
-0.260775199032216
-0.2697048143403884
-0.2697048143403884
-0.260775199032216
-0.24450618343009906
-0.2234419454439454
-0.0766890514383749
-0.08413052499621068
-0.08990167408207766
-0.09307800166287089
-0.09307800166287089
-0.08990167408207766
-0.0841305249962107
-0.07668905143837487
-0.08413042078289985
-0.09647396694610474
-0.10822586376758798
-0.11767219160922514
-0.12299653228688268
-0.12299653228688268
-0.11767219160922514
-0.10822586376758798
-0.09647396694610474
-0.08413042078289985
-0.08692500024418624
-0.104020242606527
-0.12299650810617771
-0.14201994313032806
-0.15796126286672177
-0.16717902369632182
-0.16717902369632187
-0.15796126286672177
-0.14201994313032806
-0.12299650810617774
-0.10402024260652702
-0.08692500024418624
-0.08413044465296302
-0.1040201260936951
-0.12878801310244498
-0.15796117929469033
-0.1886423331859201
-0.21467328517363965
-0.2291695257002768
-0.22916952570027674
-0.2146732851736397
-0.18864233318592005
-0.1579611792946903
-0.12878801310244503
-0.10402012609369511
-0.08413044465296302
-0.07668899022075983
-0.09647381493974223
-0.12299634729815283
-0.15796119681916884
-0.20107808473288094
-0.24344762672399314
-0.2538207851200375
-0.25171107487492256
-0.25171107487492267
-0.25382078512003703
-0.24344762672399312
-0.201078084732881
-0.15796119681916881
-0.12299634729815283
-0.09647381493974229
-0.0766889902207598
-0.08413030693686846
-0.10822572884530499
-0.14202027943721973
-0.1886425760232457
-0.2434473026137192
-0.25171106993090286
-0.23478711245382622
-0.21771693174079265
-0.2177169317407926
-0.2347871124538263
-0.25171106993089926
-0.24344730261371922
-0.1886425760232457
-0.14202027943721965
-0.10822572884530492
-0.0841303069368685
-0.08990140137969288
-0.11767210872107421
-0.1579612330638312
-0.21467335866234633
-0.25381846140759295
-0.23478773087117855
-0.1925303515770822
-0.17517789799497074
-0.17517789799497063
-0.19253035157708195
-0.23478773087117843
-0.2538184614075918
-0.2146733586623463
-0.1579612330638312
-0.11767210872107417
-0.08990140137969287
-0.0930776578499694
-0.1229965635250649
-0.16717850734541873
-0.2291699078010017
-0.2517117852149916
-0.2177189219870212
-0.17517797063420132
-0.1644536334931177
-0.1644536334931177
-0.17517797063420126
-0.21771892198701942
-0.25171178521499094
-0.22916990780100172
-0.1671785073454187
-0.12299656352506494
-0.0930776578499694
-0.09307765784996941
-0.1229965635250649
-0.16717850734541873
-0.22916990780100172
-0.2517117852149927
-0.21771892198702153
-0.17517797063420137
-0.1644536334931177
-0.1644536334931177
-0.17517797063420126
-0.21771892198702025
-0.25171178521499216
-0.22916990780100172
-0.1671785073454187
-0.1229965635250649
-0.09307765784996938
-0.08990140137969284
-0.1176721087210742
-0.15796123306383117
-0.2146733586623463
-0.2538184614075943
-0.23478773087117855
-0.19253035157708218
-0.1751778979949708
-0.1751778979949708
-0.19253035157708195
-0.23478773087117843
-0.25381846140759307
-0.21467335866234633
-0.15796123306383122
-0.11767210872107414
-0.08990140137969284
-0.0841303069368685
-0.10822572884530487
-0.14202027943721965
-0.18864257602324574
-0.24344730261371922
-0.2517110699309022
-0.23478711245382655
-0.21771693174079265
-0.21771693174079257
-0.23478711245382644
-0.2517110699308985
-0.24344730261371922
-0.1886425760232457
-0.14202027943721968
-0.10822572884530494
-0.08413030693686849
-0.0766889902207598
-0.09647381493974226
-0.12299634729815281
-0.15796119681916881
-0.20107808473288097
-0.24344762672399306
-0.25382078512003836
-0.2517110748749235
-0.2517110748749236
-0.2538207851200385
-0.24344762672399314
-0.201078084732881
-0.15796119681916881
-0.12299634729815284
-0.09647381493974228
-0.07668899022075981
-0.08413044465296302
-0.10402012609369507
-0.12878801310244498
-0.15796117929469028
-0.18864233318592008
-0.2146732851736397
-0.2291695257002767
-0.2291695257002767
-0.21467328517363965
-0.1886423331859201
-0.15796117929469028
-0.12878801310244495
-0.1040201260936951
-0.08413044465296302
-0.08692500024418628
-0.10402024260652701
-0.12299650810617774
-0.14201994313032804
-0.15796126286672174
-0.16717902369632182
-0.16717902369632182
-0.15796126286672177
-0.142019943130328
-0.12299650810617774
-0.10402024260652695
-0.08692500024418624
-0.08413042078289987
-0.09647396694610474
-0.108225863767588
-0.11767219160922517
-0.12299653228688266
-0.12299653228688268
-0.11767219160922517
-0.108225863767588
-0.09647396694610474
-0.08413042078289985
-0.0766890514383749
-0.08413052499621068
-0.08990167408207766
-0.09307800166287089
-0.0930780016628709
-0.08990167408207769
-0.08413052499621068
-0.07668905143837491
0.07668905143837489
0.08413052499621067
0.08990167408207769
0.09307800166287089
0.09307800166287089
0.08990167408207768
0.08413052499621068
0.0766890514383749
0.08413042078289981
0.09647396694610472
0.108225863767588
0.11767219160922514
0.1229965322868827
0.12299653228688269
0.11767219160922518
0.10822586376758801
0.09647396694610473
0.08413042078289984
0.08692500024418624
0.104020242606527
0.12299650810617768
0.14201994313032804
0.1579612628667218
0.16717902369632184
0.1671790236963218
0.15796126286672177
0.14201994313032804
0.12299650810617775
0.10402024260652701
0.08692500024418624
0.084130444652963
0.10402012609369511
0.12878801310244503
0.15796117929469036
0.18864233318592005
0.21467328517363973
0.22916952570027674
0.22916952570027677
0.2146732851736397
0.18864233318592014
0.15796117929469033
0.128788013102445
0.10402012609369513
0.084130444652963
0.07668899022075978
0.09647381493974225
0.12299634729815283
0.15796119681916884
0.201078084732881
0.24344762672399328
0.25382078512003736
0.25171107487492306
0.251711074874923
0.2538207851200368
0.24344762672399323
0.201078084732881
0.15796119681916887
0.12299634729815284
0.09647381493974223
0.07668899022075981
0.08413030693686849
0.10822572884530493
0.1420202794372197
0.1886425760232457
0.24344730261371922
0.2517110699309032
0.2347871124538261
0.21771693174079282
0.21771693174079282
0.2347871124538261
0.25171106993089953
0.24344730261371916
0.18864257602324572
0.14202027943721968
0.1082257288453049
0.08413030693686849
0.08990140137969288
0.11767210872107418
0.1579612330638312
0.21467335866234633
0.253818461407593
0.23478773087117843
0.19253035157708226
0.17517789799497085
0.17517789799497085
0.19253035157708215
0.23478773087117827
0.25381846140759184
0.21467335866234635
0.15796123306383122
0.11767210872107418
0.08990140137969288
0.09307765784996937
0.1229965635250649
0.16717850734541873
0.22916990780100172
0.25171178521499227
0.21771892198702114
0.17517797063420137
0.1644536334931178
0.1644536334931177
0.17517797063420126
0.2177189219870197
0.2517117852149918
0.22916990780100188
0.16717850734541864
0.12299656352506493
0.09307765784996941
0.09307765784996937
0.12299656352506486
0.16717850734541867
0.22916990780100183
0.2517117852149931
0.21771892198702147
0.17517797063420126
0.1644536334931177
0.1644536334931176
0.17517797063420137
0.21771892198702036
0.2517117852149926
0.22916990780100183
0.1671785073454187
0.12299656352506486
0.09307765784996938
0.08990140137969288
0.11767210872107418
0.15796123306383114
0.21467335866234633
0.2538184614075944
0.23478773087117838
0.19253035157708226
0.17517789799497074
0.17517789799497074
0.1925303515770821
0.23478773087117832
0.2538184614075931
0.21467335866234633
0.15796123306383122
0.11767210872107421
0.08990140137969285
0.08413030693686849
0.10822572884530492
0.14202027943721965
0.1886425760232457
0.2434473026137191
0.2517110699309027
0.23478711245382644
0.21771693174079276
0.21771693174079276
0.23478711245382655
0.2517110699308989
0.24344730261371916
0.18864257602324563
0.14202027943721968
0.10822572884530489
0.08413030693686847
0.07668899022075981
0.09647381493974226
0.12299634729815281
0.15796119681916887
0.201078084732881
0.24344762672399317
0.2538207851200382
0.25171107487492383
0.251711074874924
0.2538207851200383
0.24344762672399317
0.201078084732881
0.15796119681916881
0.12299634729815284
0.09647381493974228
0.0766889902207598
0.08413044465296304
0.10402012609369513
0.128788013102445
0.15796117929469028
0.1886423331859201
0.2146732851736397
0.22916952570027677
0.22916952570027668
0.21467328517363973
0.18864233318592008
0.15796117929469025
0.12878801310244498
0.10402012609369507
0.08413044465296303
0.08692500024418624
0.10402024260652701
0.12299650810617777
0.14201994313032804
0.15796126286672177
0.16717902369632184
0.16717902369632184
0.15796126286672174
0.142019943130328
0.12299650810617772
0.10402024260652698
0.08692500024418623
0.08413042078289983
0.09647396694610472
0.10822586376758803
0.11767219160922515
0.12299653228688273
0.12299653228688269
0.11767219160922517
0.10822586376758801
0.09647396694610476
0.08413042078289984
0.07668905143837487
0.08413052499621068
0.08990167408207766
0.09307800166287092
0.09307800166287092
0.08990167408207768
0.08413052499621067
0.07668905143837487
0.22344194544394547
0.24450618343009908
0.260775199032216
0.2697048143403884
0.2697048143403884
0.260775199032216
0.24450618343009903
0.22344194544394544
0.24450626325349478
0.2792336489966195
0.31206078496198336
0.3382905100946576
0.3530165900239698
0.3530165900239698
0.3382905100946576
0.3120607849619833
0.2792336489966195
0.24450626325349478
0.2523915344816208
0.3003386297605541
0.35301652521260535
0.4053191773083216
0.4488256910725157
0.47388318410618263
0.47388318410618263
0.4488256910725157
0.4053191773083216
0.35301652521260535
0.3003386297605541
0.25239153448162077
0.24450626001977735
0.30033878592237684
0.3689895237210732
0.4488258723665882
0.532110717085226
0.6032339893968597
0.6440197315917093
0.6440197315917093
0.6032339893968597
0.532110717085226
0.4488258723665882
0.3689895237210732
0.30033878592237684
0.24450626001977738
0.22344206334361424
0.2792338970963283
0.353016941097109
0.44882617514249745
0.565927728911753
0.6875089023176993
0.7555346688924157
0.7614528593092309
0.7614528593092308
0.7555346688924163
0.6875089023176993
0.5659277289117529
0.44882617514249745
0.353016941097109
0.27923389709632823
0.22344206334361422
0.24450631990614974
0.31206107004857764
0.40531987096775113
0.5321112271899712
0.6875093219580461
0.7614609893783146
0.7367887563867089
0.7043730675133744
0.7043730675133744
0.7367887563867088
0.7614609893783149
0.687509321958046
0.5321112271899713
0.40531987096775113
0.31206107004857764
0.24450631990614974
0.2607753607996667
0.33829100629649517
0.4488261476773766
0.603234555875805
0.7555371992695787
0.7367888008228639
0.6531452832203641
0.577589639221437
0.577589639221437
0.653145283220364
0.7367888008228638
0.755537199269579
0.603234555875805
0.4488261476773766
0.3382910062964951
0.2607753607996667
0.26970502991998124
0.35301672179290294
0.47388421878763304
0.6440210745731836
0.761462536126374
0.704360791776454
0.5775871399135177
0.5255340061249255
0.5255340061249253
0.5775871399135176
0.7043607917764545
0.7614625361263727
0.6440210745731836
0.47388421878763304
0.35301672179290294
0.2697050299199813
0.2697050299199813
0.3530167217929029
0.47388421878763304
0.6440210745731838
0.7614625361263729
0.7043607917764542
0.5775871399135176
0.5255340061249254
0.5255340061249255
0.5775871399135176
0.7043607917764545
0.7614625361263734
0.6440210745731837
0.4738842187876331
0.3530167217929029
0.26970502991998124
0.2607753607996667
0.3382910062964951
0.4488261476773766
0.603234555875805
0.755537199269579
0.7367888008228628
0.653145283220364
0.5775896392214371
0.577589639221437
0.653145283220364
0.7367888008228631
0.7555371992695793
0.603234555875805
0.4488261476773766
0.3382910062964951
0.2607753607996667
0.24450631990614974
0.3120610700485776
0.40531987096775113
0.5321112271899713
0.687509321958046
0.7614609893783152
0.736788756386709
0.7043730675133761
0.7043730675133761
0.7367887563867088
0.7614609893783155
0.6875093219580461
0.5321112271899713
0.40531987096775113
0.3120610700485776
0.24450631990614974
0.22344206334361422
0.27923389709632823
0.353016941097109
0.4488261751424975
0.565927728911753
0.6875089023176993
0.7555346688924156
0.7614528593092305
0.7614528593092305
0.755534668892416
0.6875089023176995
0.565927728911753
0.44882617514249745
0.353016941097109
0.27923389709632823
0.22344206334361424
0.24450626001977738
0.30033878592237684
0.3689895237210732
0.44882587236658833
0.5321107170852262
0.6032339893968596
0.6440197315917093
0.6440197315917093
0.6032339893968596
0.5321107170852262
0.4488258723665882
0.3689895237210732
0.30033878592237684
0.24450626001977735
0.2523915344816208
0.3003386297605541
0.35301652521260535
0.4053191773083217
0.44882569107251574
0.4738831841061827
0.47388318410618263
0.4488256910725157
0.4053191773083216
0.35301652521260535
0.3003386297605541
0.2523915344816208
0.24450626325349478
0.27923364899661957
0.3120607849619833
0.33829051009465755
0.35301659002396973
0.3530165900239698
0.33829051009465755
0.3120607849619833
0.2792336489966195
0.24450626325349478
0.2234419454439454
0.24450618343009906
0.260775199032216
0.2697048143403884
0.2697048143403884
0.260775199032216
0.24450618343009906
0.22344194544394544
0.3834458177308403
0.40751093202759003
0.42065316566780453
0.42065316566780453
0.4075109320275901
0.38344581773084035
0.3834447488353165
0.43462597796890085
0.4823711179038298
0.5201025789143119
0.541130922392929
0.541130922392929
0.520102578914312
0.4823711179038298
0.4346259779689009
0.3834447488353165
0.3951303207524916
0.46538997519393327
0.5411301558436339
0.6149837882245519
0.6755343243351741
0.7101042523725537
0.7101042523725537
0.6755343243351741
0.6149837882245519
0.5411301558436339
0.46538997519393327
0.3951303207524916
0.38344555633546895
0.4653899593632795
0.5638266750589264
0.6755335048910516
0.789808287744496
0.8868526322876606
0.9432143840970468
0.9432143840970469
0.8868526322876606
0.789808287744496
0.6755335048910516
0.5638266750589264
0.4653899593632794
0.38344555633546895
0.43462572138266886
0.5411297783918892
0.6755334327762943
0.8358959561582062
1.005392265769336
1.1458509766657812
1.217240285611592
1.217240285611592
1.1458509766657812
1.0053922657693357
0.8358959561582062
0.6755334327762943
0.5411297783918892
0.43462572138266886
0.38344542352400557
0.482370720816595
0.6149829350856516
0.7898073077179667
1.005393819737971
1.2172394360997767
1.2690964746861795
1.258561480249367
1.258561480249367
1.2690964746861797
1.2172394360997765
1.005393819737971
0.7898073077179666
0.6149829350856516
0.48237072081659493
0.3834454235240055
0.4075105822936554
0.5201023505193464
0.6755327522160679
0.8868525996605385
1.14585360881733
1.2690944625213223
1.2279824054071942
1.1739377772995643
1.1739377772995643
1.2279824054071942
1.269094462521322
1.1458536088173297
0.8868525996605384
0.6755327522160679
0.5201023505193464
0.4075105822936554
0.4206525561902972
0.5411298227223239
0.7101020805007311
0.9432131432901334
1.2172396321042034
1.2585578109352364
1.173939638595432
1.0885900429327597
1.0885900429327597
1.1739396385954322
1.2585578109352369
1.2172396321042036
0.9432131432901334
0.7101020805007311
0.5411298227223239
0.4206525561902972
0.4206525561902972
0.5411298227223239
0.7101020805007311
0.9432131432901335
1.2172396321042036
1.258557810935237
1.1739396385954322
1.0885900429327597
1.0885900429327597
1.1739396385954322
1.2585578109352378
1.2172396321042034
0.9432131432901334
0.7101020805007312
0.5411298227223239
0.4206525561902972
0.40751058229365544
0.5201023505193464
0.6755327522160679
0.8868525996605384
1.14585360881733
1.269094462521322
1.2279824054071946
1.1739377772995647
1.1739377772995647
1.2279824054071946
1.2690944625213223
1.14585360881733
0.8868525996605384
0.6755327522160679
0.5201023505193464
0.4075105822936554
0.3834454235240055
0.482370720816595
0.6149829350856517
0.7898073077179667
1.005393819737971
1.2172394360997767
1.2690964746861795
1.2585614802493668
1.258561480249367
1.2690964746861793
1.2172394360997765
1.005393819737971
0.7898073077179667
0.6149829350856516
0.482370720816595
0.38344542352400557
0.4346257213826688
0.5411297783918892
0.6755334327762943
0.8358959561582062
1.0053922657693357
1.145850976665781
1.217240285611592
1.2172402856115918
1.1458509766657812
1.0053922657693357
0.8358959561582062
0.6755334327762943
0.5411297783918892
0.4346257213826688
0.38344555633546895
0.4653899593632795
0.5638266750589264
0.6755335048910516
0.7898082877444961
0.8868526322876606
0.9432143840970469
0.9432143840970468
0.8868526322876606
0.7898082877444961
0.6755335048910515
0.5638266750589263
0.4653899593632794
0.38344555633546895
0.39513032075249166
0.4653899751939332
0.5411301558436339
0.6149837882245518
0.6755343243351741
0.7101042523725538
0.7101042523725538
0.6755343243351741
0.6149837882245519
0.5411301558436339
0.4653899751939332
0.3951303207524916
0.3834447488353165
0.43462597796890085
0.4823711179038298
0.5201025789143119
0.5411309223929291
0.541130922392929
0.520102578914312
0.4823711179038298
0.43462597796890085
0.3834447488353165
0.3834458177308403
0.40751093202759003
0.4206531656678045
0.42065316566780453
0.40751093202759003
0.3834458177308403
0.5213663643585682
0.5368250745948292
0.5368250745948292
0.5213663643585682
0.5531819440901179
0.6084774066635046
0.6515477953343076
0.675321229961217
0.675321229961217
0.6515477953343076
0.6084774066635046
0.5531819440901179
0.5889148297687274
0.6753201810721434
0.7575884916389019
0.8237089020714886
0.8609794251260903
0.8609794251260903
0.8237089020714886
0.7575884916389019
0.6753201810721434
0.5889148297687276
0.5889145776059453
0.7007922436880482
0.8237076310754567
0.9457486185682319
1.0472659736657093
1.1057351387997396
1.1057351387997396
1.0472659736657093
0.9457486185682319
0.8237076310754567
0.7007922436880482
0.5889145776059452
0.5531814648133084
0.6753194032010378
0.8237065635716222
0.9941457549864832
1.1702602689846582
1.3205032336205793
1.407554042178783
1.4075540421787833
1.3205032336205793
1.170260268984658
0.9941457549864832
0.8237065635716222
0.6753194032010378
0.5531814648133084
0.6084764934090263
0.7575825421443322
0.9457471394361691
1.1702600901964841
1.4075504579981262
1.604193550985617
1.7041379742574696
1.7041379742574696
1.6041935509856171
1.407550457998126
1.1702600901964841
0.9457471394361691
0.7575825421443322
0.6084764934090262
0.5213662723100743
0.6515462631322765
0.8237065473643217
1.0472648153390638
1.320500994278244
1.6041918801569175
1.7629219286403597
1.7767317151488689
1.7767317151488689
1.762921928640361
1.6041918801569175
1.320500994278244
1.0472648153390638
0.8237065473643217
0.6515462631322765
0.5213662723100743
0.5368246089240416
0.6753193594368754
0.8609766186560539
1.1057327334334646
1.4075499176858273
1.7041367779644598
1.7767322528995695
1.761984789682212
1.761984789682212
1.77673225289957
1.7041367779644598
1.4075499176858273
1.1057327334334646
0.8609766186560539
0.6753193594368754
0.5368246089240415
0.5368246089240416
0.6753193594368754
0.8609766186560539
1.1057327334334648
1.4075499176858273
1.7041367779644596
1.7767322528995695
1.761984789682212
1.761984789682212
1.77673225289957
1.7041367779644598
1.4075499176858273
1.1057327334334646
0.8609766186560539
0.6753193594368753
0.5368246089240416
0.5213662723100743
0.6515462631322764
0.8237065473643217
1.0472648153390638
1.320500994278244
1.6041918801569175
1.7629219286403597
1.7767317151488686
1.7767317151488689
1.7629219286403608
1.6041918801569175
1.320500994278244
1.0472648153390638
0.8237065473643216
0.6515462631322765
0.5213662723100743
0.6084764934090263
0.7575825421443321
0.9457471394361691
1.1702600901964844
1.4075504579981262
1.6041935509856171
1.7041379742574694
1.7041379742574694
1.604193550985617
1.407550457998126
1.1702600901964841
0.9457471394361691
0.7575825421443321
0.6084764934090263
0.5531814648133084
0.6753194032010378
0.8237065635716222
0.9941457549864832
1.170260268984658
1.3205032336205793
1.4075540421787833
1.407554042178783
1.3205032336205793
1.1702602689846582
0.994145754986483
0.8237065635716222
0.6753194032010378
0.5531814648133084
0.5889145776059452
0.7007922436880482
0.8237076310754566
0.9457486185682318
1.0472659736657093
1.1057351387997396
1.1057351387997396
1.0472659736657093
0.9457486185682318
0.8237076310754566
0.7007922436880482
0.5889145776059453
0.5889148297687276
0.6753201810721434
0.7575884916389019
0.8237089020714886
0.8609794251260903
0.8609794251260903
0.8237089020714886
0.7575884916389019
0.6753201810721434
0.5889148297687276
0.5531819440901178
0.6084774066635046
0.6515477953343077
0.675321229961217
0.675321229961217
0.6515477953343076
0.6084774066635046
0.5531819440901178
0.5213663643585682
0.5368250745948293
0.5368250745948292
0.5213663643585682
0.6902038277829996
0.7335233415060824
0.7571771549752097
0.7571771549752097
0.7335233415060824
0.6902038277829996
0.670327817645167
0.7571774464228983
0.8377037560362591
0.9010185551052978
0.9361855617289215
0.9361855617289215
0.9010185551052979
0.8377037560362592
0.7571774464228982
0.6703278176451671
0.67032747138067
0.782327512284857
0.9010179536053202
1.0148756770780405
1.106974411456775
1.1590989937940077
1.1590989937940075
1.106974411456775
1.0148756770780405
0.9010179536053201
0.782327512284857
0.67032747138067
0.7571736829879757
0.9010175034170198
1.0590537692874145
1.2159630257108838
1.3464845656310531
1.421656220183605
1.421656220183605
1.346484565631053
1.2159630257108838
1.0590537692874145
0.9010175034170198
0.7571736829879758
0.6902026643678826
0.8377025792517886
1.014874662765418
1.2159616585283803
1.4216563738956167
1.596338565347553
1.6977876437938282
1.6977876437938282
1.596338565347553
1.4216563738956167
1.2159616585283801
1.0148746627654177
0.8377025792517886
0.6902026643678826
0.7335196112103237
0.9010168313229822
1.1069716835437668
1.3464812975718161
1.5963365457492198
1.8097071879805653
1.932071003994578
1.9320710039945779
1.8097071879805655
1.5963365457492198
1.3464812975718161
1.1069716835437666
0.9010168313229822
0.7335196112103236
0.7571749866670272
0.9361836973230029
1.1590965584693809
1.421654933882957
1.697786045270451
1.9320684959953685
2.0625356048010755
2.0625356048010755
1.9320684959953685
1.6977860452704507
1.421654933882957
1.159096558469381
0.936183697323003
0.7571749866670273
0.7571749866670273
0.9361836973230029
1.159096558469381
1.421654933882957
1.697786045270451
1.9320684959953687
2.0625356048010755
2.0625356048010755
1.9320684959953685
1.697786045270451
1.421654933882957
1.1590965584693809
0.9361836973230029
0.7571749866670272
0.7335196112103237
0.9010168313229822
1.1069716835437668
1.3464812975718161
1.5963365457492198
1.8097071879805653
1.9320710039945779
1.932071003994578
1.8097071879805653
1.59633654574922
1.3464812975718161
1.1069716835437666
0.9010168313229822
0.7335196112103237
0.6902026643678826
0.8377025792517886
1.014874662765418
1.2159616585283801
1.4216563738956165
1.596338565347553
1.6977876437938282
1.6977876437938282
1.596338565347553
1.4216563738956167
1.2159616585283801
1.014874662765418
0.8377025792517886
0.6902026643678826
0.7571736829879758
0.9010175034170199
1.0590537692874145
1.2159630257108838
1.346484565631053
1.4216562201836047
1.421656220183605
1.346484565631053
1.2159630257108838
1.0590537692874142
0.9010175034170198
0.7571736829879758
0.67032747138067
0.782327512284857
0.9010179536053201
1.0148756770780405
1.106974411456775
1.1590989937940075
1.1590989937940077
1.1069744114567752
1.0148756770780405
0.9010179536053201
0.782327512284857
0.67032747138067
0.6703278176451671
0.7571774464228982
0.8377037560362592
0.9010185551052978
0.9361855617289215
0.9361855617289216
0.9010185551052978
0.8377037560362592
0.7571774464228982
0.6703278176451671
0.6902038277829996
0.7335233415060824
0.7571771549752097
0.7571771549752095
0.7335233415060824
0.6902038277829996
0.8692858778922707
0.92543785732115
0.9561811423670177
0.9561811423670177
0.92543785732115
0.8692858778922707
0.8192890832675329
0.9254374232758071
1.0238614407924156
1.1012466757799266
1.1442280662714357
1.1442280662714357
1.1012466757799266
1.0238614407924156
0.9254374232758071
0.8192890832675329
0.9254368812272251
1.061218124969167
1.1904892144483874
1.2943989750897789
1.3529672529526433
1.3529672529526433
1.2943989750897789
1.1904892144483874
1.061218124969167
0.9254368812272251
0.8692846164777769
1.0238594666895002
1.19048858304557
1.3529655008995798
1.4861758508218914
1.5622295937454478
1.5622295937454478
1.4861758508218914
1.3529655008995798
1.1904885830455698
1.0238594666895002
0.8692846164777769
0.9254362801447154
1.1012447376618293
1.2943977031045195
1.486174975862237
1.6456989620639115
1.7375792321457857
1.737579232145786
1.6456989620639115
1.486174975862237
1.2943977031045195
1.1012447376618293
0.9254362801447155
0.9561787686555158
1.1442265663167945
1.3529645829340273
1.5622265659814418
1.7375772622597982
1.8389728693059655
1.8389728693059655
1.7375772622597982
1.5622265659814416
1.3529645829340273
1.1442265663167945
0.9561787686555158
0.9561787686555158
1.1442265663167943
1.3529645829340273
1.5622265659814416
1.7375772622597982
1.8389728693059657
1.8389728693059657
1.7375772622597982
1.5622265659814418
1.3529645829340273
1.1442265663167945
0.9561787686555158
0.9254362801447154
1.1012447376618295
1.2943977031045195
1.486174975862237
1.6456989620639115
1.737579232145786
1.737579232145786
1.6456989620639115
1.486174975862237
1.2943977031045195
1.1012447376618295
0.9254362801447155
0.8692846164777768
1.0238594666895002
1.1904885830455698
1.3529655008995798
1.4861758508218914
1.5622295937454478
1.5622295937454478
1.4861758508218914
1.3529655008995798
1.1904885830455698
1.0238594666895002
0.8692846164777769
0.9254368812272251
1.061218124969167
1.1904892144483874
1.294398975089779
1.3529672529526433
1.3529672529526433
1.2943989750897789
1.1904892144483874
1.0612181249691672
0.9254368812272251
0.8192890832675329
0.9254374232758071
1.0238614407924156
1.1012466757799266
1.1442280662714357
1.1442280662714357
1.1012466757799266
1.0238614407924156
0.925437423275807
0.8192890832675329
0.8692858778922709
0.9254378573211499
0.9561811423670178
0.9561811423670177
0.9254378573211499
0.8692858778922709
0.9969618591696368
1.0595311400721763
1.0937003028132457
1.0937003028132457
1.0595311400721763
0.9969618591696369
1.0273369979189728
1.1300293224183404
1.2100164760640002
1.2541667954242994
1.2541667954242994
1.2100164760640002
1.1300293224183404
1.027336997918973
0.996960538410064
1.130029540389371
1.2541659517307562
1.352267645865063
1.4069409677195983
1.4069409677195983
1.3522676458650633
1.254165951730756
1.130029540389371
0.996960538410064
1.0595302182813522
1.2100158635163458
1.352267214307112
1.4659301354905305
1.5297425329821035
1.5297425329821035
1.4659301354905305
1.3522672143071115
1.2100158635163458
1.0595302182813522
1.0937001972820883
1.2541663624767372
1.406939373790723
1.5297414093598536
1.5989572914970096
1.5989572914970096
1.5297414093598536
1.406939373790723
1.2541663624767372
1.0937001972820883
1.0937001972820886
1.2541663624767372
1.406939373790723
1.5297414093598538
1.5989572914970096
1.5989572914970096
1.5297414093598536
1.406939373790723
1.2541663624767372
1.0937001972820883
1.0595302182813522
1.2100158635163458
1.3522672143071117
1.4659301354905303
1.5297425329821035
1.5297425329821035
1.4659301354905305
1.3522672143071117
1.2100158635163456
1.0595302182813522
0.996960538410064
1.130029540389371
1.2541659517307562
1.352267645865063
1.4069409677195985
1.4069409677195983
1.352267645865063
1.254165951730756
1.130029540389371
0.996960538410064
1.027336997918973
1.1300293224183404
1.2100164760640002
1.2541667954242994
1.2541667954242997
1.2100164760640002
1.1300293224183404
1.027336997918973
0.9969618591696368
1.0595311400721763
1.093700302813246
1.093700302813246
1.0595311400721763
0.9969618591696368
1.1172135350840249
1.1503391729449457
1.1503391729449457
1.1172135350840249
1.1503387365131708
1.2225345301846187
1.2619609595113548
1.2619609595113548
1.2225345301846187
1.1503387365131705
1.1172133516425156
1.2225342989037842
1.303879427324987
1.3485277213759825
1.3485277213759825
1.303879427324987
1.222534298903784
1.1172133516425156
1.150339195358857
1.2619608024622775
1.3485271196117545
1.39617164541826
1.39617164541826
1.3485271196117545
1.2619608024622775
1.150339195358857
1.150339195358857
1.2619608024622773
1.3485271196117545
1.39617164541826
1.39617164541826
1.3485271196117545
1.2619608024622773
1.150339195358857
1.1172133516425156
1.2225342989037842
1.303879427324987
1.3485277213759825
1.3485277213759825
1.303879427324987
1.2225342989037842
1.1172133516425156
1.1503387365131705
1.2225345301846187
1.2619609595113548
1.2619609595113548
1.2225345301846187
1.1503387365131705
1.1172135350840249
1.1503391729449457
1.1503391729449457
1.1172135350840249