-0.07792553563175501
-0.08035323012687363
-0.08035323012687363
-0.07792553563175501
-0.08035323081903595
-0.08567179658508682
-0.08859314172316646
-0.08859314172316647
-0.08567179658508682
-0.08035323081903593
-0.07792555282009885
-0.08567178652708735
-0.09171163178726138
-0.09504822839895292
-0.09504822839895292
-0.09171163178726138
-0.08567178652708736
-0.07792555282009885
-0.08035322197277223
-0.08859312015047202
-0.09504822262090913
-0.09862625114334427
-0.09862625114334428
-0.09504822262090913
-0.08859312015047202
-0.08035322197277223
-0.08035322197277224
-0.08859312015047202
-0.09504822262090915
-0.09862625114334428
-0.09862625114334428
-0.09504822262090913
-0.08859312015047202
-0.08035322197277223
-0.07792555282009885
-0.08567178652708733
-0.09171163178726138
-0.09504822839895292
-0.09504822839895292
-0.09171163178726138
-0.08567178652708733
-0.07792555282009886
-0.08035323081903596
-0.08567179658508683
-0.08859314172316646
-0.08859314172316644
-0.08567179658508683
-0.08035323081903595
-0.077925535631755
-0.08035323012687365
-0.08035323012687365
-0.077925535631755
-0.06963960203592008
-0.07424901128302357
-0.07678037037368257
-0.07678037037368257
-0.07424901128302358
-0.06963960203592007
-0.07187329542528602
-0.07948302078610929
-0.08547564515944057
-0.0888093361105393
-0.08880933611053929
-0.08547564515944057
-0.0794830207861093
-0.071873295425286
-0.06963954103426681
-0.07948299676123143
-0.08880948581498574
-0.09628463523710844
-0.10049350250196956
-0.10049350250196955
-0.09628463523710844
-0.08880948581498577
-0.07948299676123143
-0.06963954103426681
-0.07424894041984766
-0.08547559667735616
-0.09628479316388425
-0.10507087579190465
-0.11006637689429212
-0.11006637689429213
-0.10507087579190463
-0.09628479316388425
-0.08547559667735616
-0.07424894041984766
-0.0767803209801518
-0.0888094639134631
-0.10049369816563784
-0.11006648232431794
-0.11553924335161854
-0.11553924335161853
-0.11006648232431793
-0.10049369816563786
-0.08880946391346309
-0.0767803209801518
-0.07678032098015179
-0.0888094639134631
-0.10049369816563786
-0.11006648232431794
-0.11553924335161854
-0.11553924335161853
-0.11006648232431795
-0.10049369816563784
-0.08880946391346309
-0.0767803209801518
-0.07424894041984767
-0.08547559667735616
-0.09628479316388423
-0.10507087579190465
-0.11006637689429213
-0.11006637689429213
-0.10507087579190463
-0.09628479316388425
-0.08547559667735614
-0.07424894041984767
-0.06963954103426681
-0.07948299676123144
-0.08880948581498575
-0.09628463523710845
-0.10049350250196956
-0.10049350250196958
-0.09628463523710844
-0.08880948581498577
-0.07948299676123143
-0.0696395410342668
-0.071873295425286
-0.07948302078610928
-0.08547564515944057
-0.08880933611053929
-0.08880933611053932
-0.08547564515944057
-0.07948302078610928
-0.071873295425286
-0.06963960203592007
-0.07424901128302358
-0.07678037037368259
-0.07678037037368259
-0.07424901128302357
-0.06963960203592007
-0.06081592359828644
-0.06496809463822631
-0.06725496626723722
-0.06725496626723722
-0.06496809463822631
-0.06081592359828643
-0.0571455233294995
-0.06496808185579898
-0.07232566340142005
-0.07818606155576613
-0.08147139590574123
-0.08147139590574123
-0.07818606155576613
-0.07232566340142005
-0.06496808185579898
-0.0571455233294995
-0.06496809514984292
-0.0751461665736479
-0.08503272745691738
-0.09313310118158337
-0.09776386349864115
-0.09776386349864116
-0.09313310118158336
-0.08503272745691738
-0.0751461665736479
-0.0649680951498429
-0.060815946806463045
-0.07232561707222869
-0.08503268072150026
-0.09776392648008306
-0.10848857631682585
-0.11474222404392206
-0.11474222404392208
-0.10848857631682585
-0.09776392648008306
-0.08503268072150026
-0.07232561707222868
-0.060815946806463045
-0.06496803942583854
-0.07818595869456318
-0.0931332544670315
-0.10848863068154463
-0.12172702890857864
-0.12957676586446387
-0.12957676586446387
-0.12172702890857864
-0.10848863068154463
-0.09313325446703151
-0.07818595869456318
-0.06496803942583854
-0.06725490864028967
-0.0814713310116693
-0.09776409481719339
-0.11474234916509417
-0.12957669742504635
-0.13845954249291165
-0.13845954249291165
-0.12957669742504635
-0.11474234916509418
-0.09776409481719338
-0.0814713310116693
-0.06725490864028968
-0.06725490864028968
-0.08147133101166928
-0.0977640948171934
-0.11474234916509418
-0.12957669742504632
-0.13845954249291167
-0.13845954249291165
-0.12957669742504635
-0.1147423491650942
-0.09776409481719339
-0.08147133101166928
-0.06725490864028968
-0.06496803942583854
-0.07818595869456318
-0.09313325446703151
-0.1084886306815446
-0.12172702890857866
-0.12957676586446387
-0.12957676586446387
-0.12172702890857864
-0.10848863068154461
-0.09313325446703151
-0.07818595869456318
-0.06496803942583854
-0.060815946806463045
-0.07232561707222868
-0.08503268072150026
-0.09776392648008307
-0.10848857631682585
-0.11474222404392206
-0.11474222404392206
-0.10848857631682585
-0.09776392648008306
-0.08503268072150028
-0.07232561707222869
-0.060815946806463045
-0.0649680951498429
-0.0751461665736479
-0.0850327274569174
-0.09313310118158333
-0.09776386349864116
-0.09776386349864115
-0.09313310118158334
-0.0850327274569174
-0.0751461665736479
-0.0649680951498429
-0.05714552332949949
-0.06496808185579898
-0.07232566340142005
-0.07818606155576611
-0.08147139590574122
-0.08147139590574123
-0.07818606155576611
-0.07232566340142005
-0.06496808185579897
-0.0571455233294995
-0.06081592359828644
-0.06496809463822631
-0.06725496626723723
-0.06725496626723723
-0.06496809463822631
-0.060815923598286435
-0.04821206601388108
-0.051403236310199954
-0.053155717106140886
-0.05315571710614088
-0.051403236310199954
-0.04821206601388108
-0.04675544783813632
-0.05315573815557131
-0.05917556614493073
-0.06397047240720216
-0.06665850632896318
-0.06665850632896318
-0.06397047240720218
-0.05917556614493071
-0.0531557381555713
-0.04675544783813633
-0.046755478098839835
-0.0550268297837239
-0.06397045813420006
-0.0727412564537082
-0.07998856926766154
-0.08415675268509037
-0.08415675268509037
-0.07998856926766153
-0.0727412564537082
-0.06397045813420006
-0.055026829783723905
-0.046755478098839835
-0.05315574427120281
-0.06397046362028536
-0.07619968117832894
-0.08876342343830083
-0.0995948635274436
-0.10601735504618738
-0.10601735504618738
-0.09959486352744357
-0.08876342343830085
-0.07619968117832895
-0.06397046362028536
-0.05315574427120281
-0.04821213038752214
-0.05917559273878854
-0.07274119619568364
-0.08876352509981367
-0.10601736711607426
-0.12157371611970237
-0.13110978383512145
-0.13110978383512142
-0.12157371611970237
-0.10601736711607429
-0.08876352509981367
-0.07274119619568364
-0.05917559273878855
-0.04821213038752214
-0.05140329146558572
-0.06397045516590702
-0.07998841677741493
-0.09959497094758367
-0.12157375769004376
-0.14219188820008974
-0.15522061065024076
-0.15522061065024073
-0.1421918882000898
-0.12157375769004376
-0.09959497094758367
-0.07998841677741493
-0.06397045516590702
-0.051403291465585726
-0.05315585843602748
-0.06665843423131314
-0.08415660108256552
-0.10601760811642255
-0.1311097944725297
-0.15522048761885568
-0.17074572169292646
-0.17074572169292646
-0.1552204876188557
-0.1311097944725297
-0.10601760811642254
-0.08415660108256552
-0.06665843423131312
-0.05315585843602748
-0.05315585843602748
-0.06665843423131314
-0.08415660108256554
-0.10601760811642254
-0.13110979447252968
-0.1552204876188557
-0.17074572169292646
-0.17074572169292646
-0.1552204876188557
-0.13110979447252968
-0.10601760811642254
-0.08415660108256552
-0.06665843423131312
-0.05315585843602748
-0.051403291465585726
-0.06397045516590702
-0.07998841677741492
-0.09959497094758366
-0.12157375769004376
-0.14219188820008977
-0.1552206106502408
-0.1552206106502408
-0.14219188820008977
-0.12157375769004376
-0.09959497094758368
-0.07998841677741492
-0.063970455165907
-0.051403291465585726
-0.048212130387522145
-0.059175592738788536
-0.07274119619568364
-0.08876352509981365
-0.10601736711607429
-0.1215737161197024
-0.13110978383512145
-0.13110978383512145
-0.12157371611970237
-0.10601736711607432
-0.08876352509981367
-0.07274119619568363
-0.059175592738788536
-0.048212130387522145
-0.05315574427120281
-0.06397046362028536
-0.07619968117832894
-0.08876342343830085
-0.09959486352744357
-0.10601735504618738
-0.10601735504618738
-0.09959486352744358
-0.08876342343830085
-0.07619968117832895
-0.06397046362028536
-0.0531557442712028
-0.04675547809883982
-0.0550268297837239
-0.06397045813420006
-0.07274125645370821
-0.07998856926766153
-0.08415675268509039
-0.08415675268509039
-0.07998856926766153
-0.0727412564537082
-0.06397045813420006
-0.055026829783723905
-0.04675547809883982
-0.046755447838136316
-0.0531557381555713
-0.05917556614493072
-0.06397047240720218
-0.06665850632896318
-0.0666585063289632
-0.06397047240720216
-0.05917556614493072
-0.0531557381555713
-0.046755447838136316
-0.04821206601388109
-0.051403236310199954
-0.053155717106140886
-0.05315571710614089
-0.05140323631019994
-0.04821206601388108
-0.03636530538484803
-0.03749823823058186
-0.03749823823058186
-0.03636530538484802
-0.03870100465566033
-0.04279856585910615
-0.046025462244576563
-0.04782036311066411
-0.047820363110664094
-0.046025462244576563
-0.042798565859106144
-0.038701004655660336
-0.041343261839583
-0.04782037309884185
-0.05411184284343837
-0.059266445808220235
-0.06221335581236445
-0.06221335581236446
-0.05926644580822024
-0.05411184284343837
-0.04782037309884185
-0.04134326183958299
-0.04134324951471181
-0.049754836474113405
-0.05926644767977321
-0.06903815026240198
-0.07746259202085218
-0.08245791829244371
-0.08245791829244373
-0.07746259202085216
-0.06903815026240198
-0.05926644767977321
-0.049754836474113405
-0.0413432495147118
-0.03870097016196283
-0.04782039682993925
-0.05926643725615678
-0.07301772317932645
-0.08811059513511528
-0.10197433962380413
-0.11059374619931174
-0.11059374619931174
-0.10197433962380413
-0.08811059513511528
-0.07301772317932644
-0.059266437256156775
-0.04782039682993925
-0.038700970161962826
-0.042798522092144686
-0.0541118629295525
-0.06903813535535222
-0.08811054585631745
-0.1105937063144517
-0.1328024221264543
-0.14742181777126265
-0.14742181777126262
-0.1328024221264543
-0.11059370631445167
-0.08811054585631743
-0.06903813535535222
-0.0541118629295525
-0.042798522092144686
-0.03636526279447369
-0.04602556292497434
-0.0592664760884097
-0.07746248049518753
-0.10197441143679177
-0.13280244431194574
-0.16546023007248858
-0.18823460705311043
-0.18823460705311043
-0.16546023007248856
-0.13280244431194577
-0.10197441143679177
-0.07746248049518754
-0.0592664760884097
-0.04602556292497434
-0.03636526279447369
-0.03749817527714858
-0.04782046494662856
-0.06221331371341514
-0.08245775662117269
-0.1105939796286956
-0.14742177390085004
-0.18823493887865422
-0.21781205229637057
-0.21781205229637063
-0.1882349388786542
-0.14742177390085007
-0.1105939796286956
-0.08245775662117269
-0.06221331371341513
-0.04782046494662856
-0.03749817527714858
-0.03749817527714858
-0.04782046494662855
-0.06221331371341513
-0.0824577566211727
-0.11059397962869562
-0.14742177390085004
-0.18823493887865425
-0.21781205229637057
-0.2178120522963706
-0.18823493887865422
-0.14742177390085007
-0.1105939796286956
-0.08245775662117269
-0.06221331371341514
-0.04782046494662855
-0.03749817527714858
-0.03636526279447369
-0.04602556292497434
-0.0592664760884097
-0.07746248049518753
-0.10197441143679177
-0.13280244431194577
-0.16546023007248856
-0.18823460705311043
-0.18823460705311043
-0.16546023007248858
-0.13280244431194574
-0.10197441143679178
-0.07746248049518753
-0.059266476088409695
-0.04602556292497434
-0.03636526279447369
-0.042798522092144686
-0.05411186292955251
-0.06903813535535223
-0.08811054585631743
-0.1105937063144517
-0.13280242212645427
-0.14742181777126265
-0.14742181777126268
-0.1328024221264543
-0.1105937063144517
-0.08811054585631743
-0.06903813535535223
-0.0541118629295525
-0.042798522092144686
-0.03870097016196283
-0.04782039682993924
-0.059266437256156775
-0.07301772317932645
-0.08811059513511527
-0.10197433962380413
-0.11059374619931175
-0.11059374619931175
-0.10197433962380412
-0.08811059513511528
-0.07301772317932644
-0.05926643725615678
-0.04782039682993925
-0.03870097016196283
-0.041343249514711806
-0.04975483647411341
-0.059266447679773224
-0.06903815026240198
-0.07746259202085218
-0.08245791829244371
-0.08245791829244371
-0.07746259202085218
-0.06903815026240198
-0.05926644767977321
-0.049754836474113405
-0.041343249514711806
-0.041343261839583006
-0.04782037309884186
-0.05411184284343837
-0.05926644580822024
-0.06221335581236446
-0.06221335581236445
-0.05926644580822024
-0.05411184284343837
-0.04782037309884185
-0.04134326183958299
-0.03870100465566033
-0.04279856585910615
-0.046025462244576563
-0.047820363110664094
-0.0478203631106641
-0.046025462244576563
-0.04279856585910615
-0.03870100465566032
-0.03636530538484803
-0.03749823823058186
-0.03749823823058186
-0.03636530538484802
-0.026784473230397052
-0.028557334459746744
-0.02953095382009453
-0.029530953820094533
-0.028557334459746748
-0.02678447323039706
-0.02678447669719328
-0.030570444845860516
-0.03415738254645387
-0.0370324864787785
-0.038651300889403876
-0.03865130088940388
-0.03703248647877849
-0.03415738254645387
-0.030570444845860516
-0.026784476697193284
-0.02764361161171953
-0.032875300129533866
-0.03865127680960218
-0.04443813636901526
-0.04931300120466295
-0.05215555973614821
-0.052155559736148216
-0.049313001204662955
-0.04443813636901526
-0.03865127680960219
-0.03287530012953386
-0.027643611611719528
-0.026784478951617577
-0.03287530559896647
-0.040411761362102595
-0.04931299274030703
-0.058898525769582925
-0.06754096665545574
-0.07283880643275054
-0.07283880643275052
-0.06754096665545574
-0.05889852576958292
-0.04931299274030703
-0.040411761362102595
-0.03287530559896647
-0.026784478951617577
-0.030570441127477054
-0.038651240749419224
-0.04931299606546029
-0.06293620202139162
-0.07899546375623363
-0.09485896548586428
-0.10530148128301284
-0.10530148128301284
-0.09485896548586428
-0.07899546375623363
-0.06293620202139162
-0.04931299606546029
-0.038651240749419224
-0.030570441127477054
-0.026784476588891243
-0.034157334276254905
-0.04443817761746181
-0.05889850294807935
-0.07899543583388582
-0.1053013789170527
-0.13445318387364266
-0.155579738364427
-0.155579738364427
-0.13445318387364266
-0.10530137891705268
-0.07899543583388582
-0.05889850294807935
-0.04443817761746181
-0.034157334276254905
-0.026784476588891236
-0.028557328016072532
-0.03703242074259039
-0.04931304103971227
-0.06754093313548294
-0.09485902980995028
-0.13445316217737602
-0.1839998006017281
-0.22393656362706868
-0.2239365636270687
-0.1839998006017281
-0.13445316217737602
-0.09485902980995028
-0.06754093313548296
-0.04931304103971227
-0.03703242074259039
-0.02855732801607253
-0.02953093412657329
-0.03865121411989168
-0.05215563384180447
-0.0728386616125092
-0.10530152745426016
-0.15557953694256021
-0.22393682179475344
-0.2828586125770662
-0.2828586125770661
-0.22393682179475344
-0.15557953694256024
-0.10530152745426016
-0.07283866161250918
-0.05215563384180448
-0.03865121411989169
-0.02953093412657329
-0.02953093412657329
-0.03865121411989169
-0.05215563384180447
-0.07283866161250918
-0.10530152745426016
-0.15557953694256021
-0.22393682179475344
-0.2828586125770662
-0.2828586125770661
-0.22393682179475344
-0.15557953694256021
-0.10530152745426016
-0.0728386616125092
-0.05215563384180448
-0.03865121411989168
-0.02953093412657329
-0.028557328016072532
-0.03703242074259038
-0.04931304103971227
-0.06754093313548296
-0.09485902980995028
-0.13445316217737602
-0.1839998006017281
-0.22393656362706874
-0.2239365636270687
-0.1839998006017281
-0.13445316217737602
-0.09485902980995027
-0.06754093313548296
-0.04931304103971226
-0.03703242074259038
-0.02855732801607253
-0.026784476588891236
-0.034157334276254905
-0.04443817761746181
-0.05889850294807935
-0.07899543583388582
-0.1053013789170527
-0.13445318387364266
-0.155579738364427
-0.155579738364427
-0.13445318387364266
-0.10530137891705268
-0.07899543583388582
-0.05889850294807934
-0.04443817761746181
-0.034157334276254905
-0.026784476588891243
-0.03057044112747705
-0.038651240749419224
-0.04931299606546029
-0.06293620202139161
-0.07899546375623363
-0.09485896548586427
-0.10530148128301284
-0.10530148128301284
-0.09485896548586428
-0.07899546375623363
-0.06293620202139161
-0.04931299606546029
-0.038651240749419224
-0.030570441127477054
-0.026784478951617573
-0.03287530559896647
-0.040411761362102595
-0.04931299274030704
-0.05889852576958293
-0.06754096665545574
-0.07283880643275052
-0.07283880643275051
-0.06754096665545575
-0.05889852576958293
-0.04931299274030704
-0.04041176136210259
-0.03287530559896646
-0.026784478951617577
-0.02764361161171953
-0.03287530012953386
-0.03865127680960219
-0.044438136369015266
-0.04931300120466295
-0.05215555973614822
-0.052155559736148216
-0.04931300120466295
-0.044438136369015266
-0.03865127680960219
-0.032875300129533866
-0.027643611611719535
-0.026784476697193284
-0.030570444845860516
-0.034157382546453875
-0.0370324864787785
-0.038651300889403876
-0.03865130088940388
-0.0370324864787785
-0.034157382546453875
-0.030570444845860516
-0.026784476697193287
-0.02678447323039706
-0.028557334459746744
-0.029530953820094533
-0.029530953820094533
-0.028557334459746744
-0.026784473230397055
-0.015585129809573394
-0.017134383221694516
-0.01834224865138089
-0.019009565013681964
-0.019009565013681964
-0.018342248651380885
-0.017134383221694516
-0.015585129809573396
-0.01713437843309482
-0.019725161936311745
-0.02221946333958684
-0.024247108627876615
-0.025399927708511426
-0.025399927708511426
-0.02424710862787661
-0.02221946333958684
-0.01972516193631175
-0.017134378433094816
-0.01771854399242867
-0.021323450143647883
-0.02539992594659675
-0.029587805384856437
-0.033198279847007225
-0.03533913060827093
-0.03533913060827092
-0.033198279847007225
-0.02958780538485644
-0.02539992594659675
-0.021323450143647883
-0.01771854399242867
-0.017134376775726434
-0.021323438878991127
-0.026662872182819337
-0.03319826775417715
-0.04052455373664888
-0.04739736850424347
-0.05174031531206612
-0.05174031531206612
-0.04739736850424347
-0.040524553736648886
-0.03319826775417714
-0.026662872182819333
-0.021323438878991127
-0.017134376775726434
-0.015585117832828893
-0.019725143763442362
-0.025399919996381092
-0.0331982389884446
-0.04370318988858554
-0.05691537619388494
-0.07091165415376957
-0.08067209019693422
-0.08067209019693422
-0.07091165415376957
-0.05691537619388494
-0.04370318988858554
-0.03319823898844461
-0.02539991999638109
-0.01972514376344236
-0.015585117832828893
-0.017134371034855465
-0.02221952443252602
-0.029587758937262836
-0.040524498922785764
-0.05691535125644847
-0.08067189229068035
-0.11039986892270637
-0.13436225789673575
-0.13436225789673575
-0.11039986892270635
-0.08067189229068035
-0.05691535125644847
-0.04052449892278577
-0.02958775893726284
-0.02221952443252602
-0.01713437103485546
-0.018342231749825383
-0.02424710940432107
-0.03319820630312942
-0.047397330950964406
-0.0709115111123805
-0.1103997475878874
-0.16971533087169252
-0.22102674121966476
-0.22102674121966476
-0.16971533087169252
-0.11039974758788741
-0.0709115111123805
-0.047397330950964406
-0.03319820630312942
-0.024247109404321072
-0.018342231749825383
-0.019009545608016407
-0.025399899997569187
-0.035339035492440975
-0.05174026910612811
-0.0806717379708956
-0.13436181767816904
-0.22102781845515992
-0.23789170815844382
-0.23789170815844385
-0.2210278184551599
-0.13436181767816904
-0.08067173797089558
-0.05174026910612811
-0.035339035492440975
-0.025399899997569184
-0.019009545608016404
-0.019009545608016407
-0.025399899997569184
-0.035339035492440975
-0.05174026910612811
-0.0806717379708956
-0.13436181767816907
-0.22102781845515992
-0.23789170815844382
-0.23789170815844385
-0.22102781845515995
-0.13436181767816904
-0.08067173797089561
-0.05174026910612811
-0.035339035492440975
-0.025399899997569184
-0.019009545608016407
-0.018342231749825386
-0.02424710940432107
-0.03319820630312942
-0.0473973309509644
-0.0709115111123805
-0.1103997475878874
-0.16971533087169252
-0.22102674121966479
-0.22102674121966479
-0.16971533087169252
-0.1103997475878874
-0.0709115111123805
-0.0473973309509644
-0.03319820630312942
-0.024247109404321072
-0.018342231749825386
-0.017134371034855465
-0.022219524432526016
-0.029587758937262836
-0.040524498922785764
-0.056915351256448476
-0.08067189229068034
-0.11039986892270635
-0.13436225789673575
-0.13436225789673573
-0.11039986892270637
-0.08067189229068034
-0.056915351256448476
-0.04052449892278576
-0.02958775893726283
-0.02221952443252602
-0.01713437103485546
-0.015585117832828895
-0.01972514376344236
-0.02539991999638109
-0.03319823898844461
-0.04370318988858554
-0.05691537619388493
-0.07091165415376957
-0.08067209019693423
-0.08067209019693422
-0.07091165415376957
-0.05691537619388494
-0.04370318988858554
-0.0331982389884446
-0.025399919996381092
-0.01972514376344236
-0.015585117832828893
-0.017134376775726434
-0.02132343887899113
-0.026662872182819333
-0.033198267754177155
-0.04052455373664888
-0.047397368504243476
-0.051740315312066125
-0.05174031531206612
-0.047397368504243476
-0.04052455373664888
-0.03319826775417715
-0.026662872182819333
-0.02132343887899113
-0.017134376775726434
-0.017718543992428674
-0.021323450143647886
-0.02539992594659675
-0.02958780538485644
-0.033198279847007225
-0.03533913060827093
-0.03533913060827092
-0.033198279847007225
-0.029587805384856444
-0.02539992594659675
-0.02132345014364788
-0.017718543992428674
-0.017134378433094816
-0.01972516193631175
-0.02221946333958684
-0.024247108627876615
-0.025399927708511426
-0.025399927708511422
-0.024247108627876615
-0.02221946333958684
-0.01972516193631175
-0.017134378433094816
-0.015585129809573398
-0.01713438322169452
-0.01834224865138089
-0.01900956501368196
-0.01900956501368196
-0.01834224865138089
-0.017134383221694516
-0.015585129809573396
-0.005356873657213307
-0.0059061702631716916
-0.006336508428828922
-0.006575042480766821
-0.00657504248076682
-0.006336508428828922
-0.0059061702631716916
-0.005356873657213306
-0.005906166366490502
-0.00683145216823627
-0.007730236633944077
-0.008466607488114
-0.008887593330005841
-0.00888759333000584
-0.008466607488113998
-0.0077302366339440775
-0.00683145216823627
-0.005906166366490502
-0.006114064714285843
-0.007406473632580709
-0.008887589806363906
-0.010431069949837397
-0.011779682705684424
-0.012587221159803517
-0.012587221159803517
-0.011779682705684424
-0.010431069949837396
-0.008887589806363904
-0.00740647363258071
-0.006114064714285843
-0.005906167864142244
-0.007406472384435871
-0.009350719904765244
-0.011779676279541533
-0.014567727419367946
-0.017246708200074554
-0.01897174514941967
-0.018971745149419673
-0.017246708200074554
-0.014567727419367946
-0.011779676279541535
-0.009350719904765244
-0.007406472384435872
-0.005906167864142244
-0.005356872172610465
-0.006831450026703043
-0.00888758378857571
-0.011779664317802316
-0.0157990427178481
-0.02106021414412955
-0.026890633914772775
-0.031115962684718723
-0.031115962684718723
-0.026890633914772772
-0.02106021414412955
-0.0157990427178481
-0.011779664317802316
-0.00888758378857571
-0.006831450026703041
-0.0053568721726104645
-0.005906196292710309
-0.0077302960348992105
-0.010431066066175389
-0.014567696256126294
-0.021060189802137787
-0.031115863569755067
-0.044787035537142944
-0.05657172374423482
-0.056571723744234824
-0.044787035537142944
-0.031115863569755067
-0.021060189802137783
-0.014567696256126292
-0.010431066066175387
-0.007730296034899211
-0.005906196292710308
-0.006336494147904279
-0.008466596411598894
-0.011779648472086908
-0.017246718746406604
-0.026890628554221925
-0.044787044562501835
-0.0736753252340497
-0.0792972795902733
-0.07929727959027329
-0.07367532523404968
-0.044787044562501835
-0.026890628554221925
-0.01724671874640661
-0.011779648472086904
-0.008466596411598894
-0.006336494147904279
-0.006575025061352845
-0.008887584008045736
-0.012587178384611014
-0.018971701923562838
-0.031115793191628424
-0.05657176674554233
-0.07929718904336723
-0.07189311168922108
-0.07189311168922106
-0.07929718904336716
-0.05657176674554233
-0.031115793191628424
-0.018971701923562838
-0.012587178384611014
-0.008887584008045735
-0.006575025061352843
-0.006575025061352843
-0.008887584008045736
-0.012587178384611014
-0.018971701923562838
-0.031115793191628424
-0.05657176674554234
-0.07929718904336722
-0.07189311168922106
-0.07189311168922108
-0.07929718904336712
-0.056571766745542346
-0.03111579319162843
-0.018971701923562838
-0.012587178384611014
-0.008887584008045736
-0.006575025061352844
-0.00633649414790428
-0.008466596411598894
-0.011779648472086908
-0.017246718746406608
-0.02689062855422193
-0.04478704456250183
-0.07367532523404968
-0.07929727959027327
-0.07929727959027327
-0.07367532523404967
-0.044787044562501835
-0.026890628554221925
-0.017246718746406608
-0.011779648472086906
-0.008466596411598892
-0.006336494147904279
-0.005906196292710309
-0.00773029603489921
-0.010431066066175387
-0.014567696256126292
-0.02106018980213778
-0.03111586356975506
-0.04478703553714295
-0.05657172374423482
-0.05657172374423482
-0.044787035537142944
-0.031115863569755063
-0.02106018980213778
-0.014567696256126292
-0.010431066066175387
-0.00773029603489921
-0.005906196292710309
-0.005356872172610465
-0.006831450026703042
-0.008887583788575707
-0.011779664317802316
-0.0157990427178481
-0.021060214144129542
-0.026890633914772775
-0.03111596268471872
-0.031115962684718723
-0.02689063391477277
-0.021060214144129542
-0.0157990427178481
-0.011779664317802316
-0.00888758378857571
-0.006831450026703042
-0.0053568721726104645
-0.005906167864142243
-0.007406472384435871
-0.009350719904765244
-0.011779676279541535
-0.014567727419367946
-0.017246708200074554
-0.01897174514941967
-0.01897174514941967
-0.017246708200074554
-0.014567727419367944
-0.011779676279541535
-0.009350719904765246
-0.007406472384435871
-0.0059061678641422425
-0.006114064714285842
-0.0074064736325807085
-0.008887589806363904
-0.010431069949837397
-0.011779682705684424
-0.012587221159803519
-0.012587221159803519
-0.011779682705684422
-0.010431069949837397
-0.008887589806363904
-0.0074064736325807085
-0.006114064714285843
-0.005906166366490502
-0.00683145216823627
-0.0077302366339440775
-0.008466607488113998
-0.008887593330005838
-0.00888759333000584
-0.008466607488113998
-0.007730236633944077
-0.0068314521682362695
-0.005906166366490502
-0.005356873657213307
-0.0059061702631716916
-0.006336508428828921
-0.00657504248076682
-0.006575042480766819
-0.006336508428828923
-0.005906170263171691
-0.005356873657213306
0.005356873657213307
0.005906170263171691
0.00633650842882892
0.00657504248076682
0.00657504248076682
0.006336508428828921
0.005906170263171691
0.005356873657213308
0.005906166366490503
0.0068314521682362695
0.007730236633944076
0.008466607488113998
0.008887593330005838
0.00888759333000584
0.008466607488113998
0.007730236633944077
0.00683145216823627
0.005906166366490501
0.006114064714285843
0.0074064736325807085
0.008887589806363904
0.010431069949837396
0.011779682705684422
0.012587221159803517
0.01258722115980352
0.011779682705684425
0.010431069949837396
0.008887589806363904
0.007406473632580709
0.006114064714285843
0.005906167864142244
0.00740647238443587
0.009350719904765244
0.011779676279541535
0.014567727419367939
0.01724670820007455
0.01897174514941967
0.01897174514941967
0.01724670820007455
0.01456772741936794
0.011779676279541532
0.009350719904765242
0.007406472384435869
0.005906167864142244
0.005356872172610465
0.006831450026703042
0.008887583788575711
0.011779664317802316
0.015799042717848096
0.02106021414412955
0.026890633914772765
0.03111596268471873
0.03111596268471873
0.02689063391477277
0.021060214144129546
0.015799042717848096
0.011779664317802314
0.00888758378857571
0.00683145002670304
0.005356872172610465
0.005906196292710307
0.007730296034899207
0.010431066066175387
0.014567696256126288
0.021060189802137787
0.031115863569755067
0.04478703553714295
0.05657172374423482
0.05657172374423482
0.04478703553714295
0.031115863569755077
0.02106018980213778
0.014567696256126288
0.010431066066175387
0.0077302960348992105
0.005906196292710307
0.006336494147904279
0.008466596411598892
0.011779648472086906
0.01724671874640661
0.026890628554221932
0.04478704456250185
0.0736753252340497
0.07929727959027318
0.07929727959027319
0.07367532523404968
0.044787044562501835
0.026890628554221918
0.01724671874640661
0.011779648472086903
0.008466596411598892
0.00633649414790428
0.006575025061352845
0.008887584008045738
0.012587178384611016
0.018971701923562834
0.03111579319162843
0.05657176674554233
0.07929718904336724
0.07189311168922104
0.07189311168922108
0.0792971890433672
0.056571766745542325
0.03111579319162842
0.018971701923562834
0.012587178384611014
0.008887584008045738
0.006575025061352843
0.006575025061352843
0.008887584008045736
0.012587178384611014
0.018971701923562838
0.03111579319162843
0.056571766745542325
0.07929718904336727
0.07189311168922109
0.07189311168922109
0.0792971890433672
0.056571766745542325
0.03111579319162842
0.018971701923562834
0.012587178384611016
0.008887584008045735
0.006575025061352845
0.00633649414790428
0.008466596411598894
0.011779648472086903
0.017246718746406615
0.02689062855422193
0.04478704456250183
0.07367532523404968
0.07929727959027316
0.07929727959027316
0.07367532523404968
0.04478704456250183
0.02689062855422192
0.01724671874640661
0.011779648472086904
0.008466596411598892
0.006336494147904279
0.00590619629271031
0.00773029603489921
0.010431066066175387
0.014567696256126292
0.02106018980213778
0.031115863569755074
0.04478703553714295
0.05657172374423484
0.056571723744234775
0.04478703553714295
0.031115863569755074
0.02106018980213778
0.01456769625612629
0.010431066066175386
0.00773029603489921
0.005906196292710308
0.005356872172610465
0.006831450026703044
0.008887583788575707
0.011779664317802313
0.015799042717848096
0.02106021414412955
0.026890633914772772
0.031115962684718716
0.03111596268471872
0.026890633914772772
0.021060214144129542
0.015799042717848096
0.011779664317802314
0.00888758378857571
0.006831450026703041
0.005356872172610465
0.0059061678641422425
0.007406472384435869
0.009350719904765246
0.011779676279541535
0.01456772741936794
0.017246708200074554
0.01897174514941967
0.018971745149419666
0.017246708200074554
0.014567727419367942
0.011779676279541535
0.009350719904765244
0.007406472384435869
0.005906167864142244
0.006114064714285841
0.007406473632580709
0.008887589806363902
0.010431069949837396
0.011779682705684422
0.012587221159803517
0.012587221159803517
0.011779682705684425
0.010431069949837396
0.008887589806363904
0.0074064736325807085
0.006114064714285843
0.005906166366490501
0.006831452168236269
0.007730236633944076
0.008466607488113998
0.008887593330005836
0.008887593330005838
0.008466607488113998
0.007730236633944076
0.006831452168236269
0.005906166366490501
0.005356873657213307
0.005906170263171691
0.00633650842882892
0.006575042480766818
0.00657504248076682
0.006336508428828921
0.0059061702631716916
0.005356873657213307
0.015585129809573394
0.017134383221694513
0.01834224865138089
0.019009565013681954
0.01900956501368196
0.01834224865138089
0.017134383221694513
0.015585129809573396
0.017134378433094816
0.01972516193631174
0.02221946333958684
0.02424710862787662
0.025399927708511422
0.025399927708511426
0.024247108627876615
0.02221946333958684
0.01972516193631174
0.017134378433094816
0.017718543992428674
0.021323450143647886
0.025399925946596753
0.029587805384856444
0.033198279847007225
0.03533913060827092
0.03533913060827092
0.033198279847007225
0.02958780538485644
0.02539992594659675
0.021323450143647886
0.01771854399242867
0.017134376775726434
0.021323438878991127
0.026662872182819333
0.03319826775417715
0.040524553736648886
0.047397368504243476
0.05174031531206611
0.05174031531206612
0.047397368504243476
0.04052455373664888
0.033198267754177155
0.026662872182819333
0.02132343887899113
0.01713437677572643
0.015585117832828893
0.01972514376344236
0.025399919996381085
0.0331982389884446
0.04370318988858555
0.05691537619388493
0.07091165415376957
0.08067209019693423
0.0806720901969342
0.07091165415376957
0.056915376193884926
0.04370318988858554
0.0331982389884446
0.025399919996381092
0.01972514376344236
0.015585117832828893
0.01713437103485546
0.02221952443252602
0.02958775893726283
0.040524498922785764
0.05691535125644848
0.08067189229068034
0.11039986892270635
0.13436225789673573
0.13436225789673575
0.11039986892270634
0.08067189229068034
0.056915351256448476
0.04052449892278576
0.029587758937262832
0.02221952443252602
0.01713437103485546
0.018342231749825383
0.02424710940432107
0.03319820630312942
0.047397330950964406
0.0709115111123805
0.1103997475878874
0.16971533087169252
0.22102674121966479
0.22102674121966479
0.1697153308716925
0.1103997475878874
0.0709115111123805
0.047397330950964406
0.03319820630312942
0.02424710940432107
0.018342231749825386
0.019009545608016404
0.025399899997569177
0.035339035492440975
0.05174026910612811
0.0806717379708956
0.13436181767816904
0.22102781845515992
0.2378917081584438
0.23789170815844377
0.2210278184551599
0.13436181767816904
0.0806717379708956
0.05174026910612811
0.035339035492440975
0.025399899997569177
0.019009545608016404
0.019009545608016404
0.02539989999756918
0.035339035492440975
0.05174026910612811
0.0806717379708956
0.13436181767816904
0.2210278184551599
0.23789170815844382
0.23789170815844385
0.2210278184551599
0.13436181767816904
0.08067173797089558
0.05174026910612811
0.03533903549244097
0.02539989999756918
0.019009545608016407
0.018342231749825383
0.024247109404321072
0.033198206303129425
0.0473973309509644
0.0709115111123805
0.1103997475878874
0.1697153308716925
0.22102674121966476
0.22102674121966476
0.16971533087169252
0.1103997475878874
0.0709115111123805
0.0473973309509644
0.03319820630312942
0.02424710940432107
0.018342231749825383
0.01713437103485546
0.02221952443252602
0.029587758937262836
0.040524498922785764
0.05691535125644849
0.08067189229068034
0.11039986892270637
0.13436225789673575
0.13436225789673573
0.11039986892270635
0.08067189229068034
0.05691535125644848
0.04052449892278576
0.029587758937262832
0.02221952443252602
0.01713437103485546
0.015585117832828893
0.019725143763442362
0.02539991999638109
0.0331982389884446
0.04370318988858555
0.05691537619388493
0.07091165415376957
0.08067209019693422
0.08067209019693422
0.07091165415376956
0.056915376193884926
0.04370318988858554
0.0331982389884446
0.02539991999638109
0.01972514376344236
0.015585117832828893
0.017134376775726434
0.021323438878991127
0.02666287218281934
0.033198267754177155
0.04052455373664888
0.04739736850424347
0.05174031531206612
0.05174031531206612
0.04739736850424347
0.04052455373664888
0.033198267754177155
0.026662872182819333
0.021323438878991127
0.017134376775726438
0.017718543992428674
0.021323450143647886
0.02539992594659675
0.029587805384856447
0.03319827984700722
0.03533913060827093
0.03533913060827093
0.033198279847007225
0.029587805384856433
0.025399925946596742
0.021323450143647886
0.01771854399242867
0.01713437843309482
0.01972516193631174
0.022219463339586836
0.024247108627876615
0.025399927708511422
0.025399927708511422
0.024247108627876615
0.02221946333958684
0.01972516193631174
0.01713437843309482
0.015585129809573396
0.017134383221694516
0.01834224865138089
0.019009565013681964
0.019009565013681954
0.01834224865138089
0.017134383221694516
0.015585129809573392
0.02678447323039706
0.02855733445974675
0.029530953820094526
0.029530953820094526
0.028557334459746748
0.02678447323039706
0.02678447669719328
0.030570444845860516
0.034157382546453875
0.0370324864787785
0.03865130088940389
0.03865130088940389
0.03703248647877849
0.03415738254645387
0.030570444845860516
0.026784476697193284
0.027643611611719535
0.03287530012953386
0.03865127680960218
0.04443813636901525
0.04931300120466295
0.05215555973614822
0.05215555973614822
0.04931300120466295
0.04443813636901525
0.03865127680960218
0.03287530012953386
0.027643611611719535
0.026784478951617577
0.03287530559896647
0.040411761362102595
0.04931299274030704
0.05889852576958292
0.06754096665545574
0.07283880643275051
0.07283880643275051
0.06754096665545575
0.058898525769582925
0.04931299274030703
0.04041176136210259
0.03287530559896646
0.026784478951617573
0.030570441127477054
0.03865124074941922
0.04931299606546029
0.06293620202139161
0.07899546375623363
0.09485896548586427
0.10530148128301284
0.10530148128301284
0.09485896548586427
0.07899546375623363
0.06293620202139161
0.04931299606546029
0.03865124074941922
0.03057044112747705
0.026784476588891243
0.034157334276254905
0.04443817761746181
0.05889850294807935
0.07899543583388582
0.10530137891705268
0.13445318387364266
0.155579738364427
0.155579738364427
0.13445318387364266
0.10530137891705268
0.07899543583388581
0.05889850294807935
0.04443817761746181
0.034157334276254905
0.02678447658889124
0.028557328016072525
0.03703242074259039
0.04931304103971226
0.06754093313548296
0.09485902980995028
0.13445316217737602
0.1839998006017281
0.22393656362706868
0.2239365636270687
0.18399980060172813
0.13445316217737602
0.09485902980995028
0.06754093313548296
0.04931304103971227
0.03703242074259039
0.028557328016072525
0.02953093412657329
0.03865121411989169
0.05215563384180447
0.0728386616125092
0.10530152745426018
0.15557953694256021
0.2239368217947534
0.2828586125770661
0.2828586125770661
0.22393682179475344
0.15557953694256021
0.10530152745426019
0.0728386616125092
0.05215563384180448
0.03865121411989169
0.029530934126573285
0.02953093412657329
0.03865121411989169
0.05215563384180447
0.0728386616125092
0.10530152745426018
0.15557953694256021
0.22393682179475344
0.2828586125770661
0.2828586125770661
0.22393682179475347
0.15557953694256021
0.10530152745426016
0.07283866161250918
0.05215563384180448
0.0386512141198917
0.02953093412657328
0.02855732801607253
0.03703242074259038
0.04931304103971227
0.06754093313548296
0.09485902980995028
0.13445316217737602
0.1839998006017281
0.2239365636270687
0.22393656362706868
0.1839998006017281
0.13445316217737602
0.09485902980995027
0.06754093313548296
0.04931304103971226
0.03703242074259039
0.02855732801607253
0.026784476588891243
0.0341573342762549
0.04443817761746181
0.05889850294807935
0.07899543583388582
0.10530137891705271
0.13445318387364266
0.155579738364427
0.155579738364427
0.13445318387364266
0.10530137891705268
0.07899543583388582
0.05889850294807935
0.04443817761746181
0.0341573342762549
0.02678447658889124
0.03057044112747705
0.03865124074941922
0.04931299606546029
0.06293620202139162
0.07899546375623363
0.09485896548586427
0.10530148128301285
0.10530148128301284
0.09485896548586427
0.07899546375623363
0.06293620202139161
0.049312996065460295
0.038651240749419224
0.030570441127477054
0.026784478951617577
0.03287530559896647
0.04041176136210259
0.04931299274030703
0.05889852576958291
0.06754096665545573
0.07283880643275051
0.07283880643275051
0.06754096665545575
0.05889852576958292
0.04931299274030703
0.04041176136210259
0.03287530559896646
0.02678447895161758
0.02764361161171953
0.03287530012953386
0.03865127680960218
0.04443813636901526
0.04931300120466295
0.05215555973614822
0.05215555973614822
0.04931300120466295
0.04443813636901526
0.03865127680960219
0.03287530012953386
0.027643611611719535
0.026784476697193284
0.030570444845860516
0.03415738254645387
0.0370324864787785
0.03865130088940388
0.03865130088940388
0.0370324864787785
0.03415738254645387
0.030570444845860516
0.026784476697193284
0.02678447323039706
0.02855733445974675
0.029530953820094526
0.029530953820094533
0.02855733445974675
0.02678447323039706
0.03636530538484803
0.03749823823058186
0.03749823823058186
0.03636530538484802
0.03870100465566033
0.04279856585910615
0.04602546224457657
0.047820363110664094
0.0478203631106641
0.04602546224457657
0.042798565859106144
0.03870100465566033
0.041343261839583
0.04782037309884185
0.05411184284343836
0.05926644580822024
0.062213355812364445
0.062213355812364465
0.05926644580822024
0.05411184284343837
0.04782037309884186
0.04134326183958299
0.04134324951471181
0.049754836474113405
0.05926644767977322
0.06903815026240198
0.07746259202085219
0.0824579182924437
0.08245791829244373
0.07746259202085218
0.06903815026240198
0.05926644767977322
0.049754836474113405
0.041343249514711806
0.03870097016196283
0.04782039682993925
0.05926643725615678
0.07301772317932645
0.08811059513511527
0.10197433962380413
0.11059374619931177
0.11059374619931175
0.10197433962380413
0.08811059513511528
0.07301772317932645
0.05926643725615678
0.04782039682993925
0.038700970161962826
0.04279852209214468
0.0541118629295525
0.06903813535535223
0.08811054585631743
0.1105937063144517
0.1328024221264543
0.14742181777126265
0.14742181777126265
0.13280242212645427
0.11059370631445167
0.08811054585631743
0.06903813535535223
0.054111862929552494
0.042798522092144686
0.03636526279447369
0.04602556292497433
0.059266476088409695
0.07746248049518753
0.10197441143679176
0.13280244431194577
0.16546023007248856
0.18823460705311046
0.18823460705311043
0.16546023007248856
0.1328024443119457
0.10197441143679177
0.07746248049518753
0.059266476088409695
0.04602556292497433
0.036365262794473684
0.03749817527714858
0.04782046494662855
0.06221331371341513
0.0824577566211727
0.1105939796286956
0.14742177390085007
0.18823493887865422
0.21781205229637057
0.21781205229637063
0.18823493887865422
0.14742177390085004
0.1105939796286956
0.08245775662117272
0.06221331371341513
0.04782046494662856
0.037498175277148584
0.03749817527714858
0.04782046494662856
0.06221331371341513
0.0824577566211727
0.1105939796286956
0.14742177390085
0.18823493887865422
0.21781205229637057
0.2178120522963706
0.18823493887865422
0.14742177390085004
0.1105939796286956
0.08245775662117269
0.06221331371341513
0.04782046494662855
0.03749817527714858
0.03636526279447369
0.04602556292497434
0.059266476088409695
0.07746248049518753
0.10197441143679177
0.13280244431194574
0.16546023007248856
0.18823460705311046
0.18823460705311043
0.16546023007248858
0.13280244431194574
0.10197441143679176
0.07746248049518753
0.059266476088409695
0.04602556292497434
0.03636526279447369
0.042798522092144686
0.0541118629295525
0.06903813535535225
0.08811054585631745
0.11059370631445169
0.1328024221264543
0.14742181777126265
0.14742181777126265
0.13280242212645427
0.11059370631445167
0.08811054585631742
0.06903813535535223
0.054111862929552494
0.042798522092144686
0.03870097016196283
0.04782039682993926
0.05926643725615678
0.07301772317932644
0.08811059513511528
0.10197433962380414
0.11059374619931175
0.11059374619931177
0.10197433962380413
0.08811059513511527
0.07301772317932644
0.05926643725615678
0.04782039682993924
0.03870097016196283
0.041343249514711806
0.04975483647411341
0.05926644767977322
0.069038150262402
0.07746259202085219
0.0824579182924437
0.08245791829244373
0.07746259202085219
0.06903815026240198
0.05926644767977322
0.049754836474113405
0.041343249514711806
0.041343261839583006
0.04782037309884186
0.05411184284343837
0.05926644580822024
0.06221335581236445
0.06221335581236445
0.059266445808220235
0.05411184284343837
0.047820373098841865
0.041343261839583
0.03870100465566033
0.04279856585910615
0.04602546224457657
0.047820363110664094
0.047820363110664094
0.046025462244576563
0.04279856585910615
0.03870100465566033
0.03636530538484802
0.037498238230581855
0.03749823823058186
0.03636530538484802
0.04821206601388109
0.05140323631019996
0.053155717106140886
0.05315571710614089
0.051403236310199954
0.04821206601388109
0.04675544783813631
0.0531557381555713
0.059175566144930726
0.06397047240720216
0.06665850632896318
0.06665850632896318
0.06397047240720216
0.05917556614493072
0.0531557381555713
0.046755447838136316
0.04675547809883982
0.05502682978372389
0.06397045813420006
0.0727412564537082
0.07998856926766153
0.08415675268509039
0.08415675268509037
0.07998856926766153
0.0727412564537082
0.06397045813420006
0.0550268297837239
0.04675547809883983
0.053155744271202815
0.06397046362028536
0.07619968117832895
0.08876342343830083
0.09959486352744357
0.1060173550461874
0.1060173550461874
0.09959486352744357
0.08876342343830083
0.07619968117832897
0.06397046362028536
0.053155744271202815
0.04821213038752213
0.05917559273878855
0.07274119619568364
0.08876352509981367
0.1060173671160743
0.12157371611970239
0.13110978383512142
0.13110978383512145
0.12157371611970239
0.1060173671160743
0.08876352509981367
0.07274119619568364
0.05917559273878854
0.048212130387522145
0.051403291465585726
0.063970455165907
0.07998841677741492
0.09959497094758368
0.12157375769004376
0.14219188820008977
0.15522061065024076
0.15522061065024076
0.14219188820008977
0.12157375769004379
0.09959497094758366
0.07998841677741492
0.06397045516590702
0.051403291465585726
0.05315585843602748
0.06665843423131314
0.08415660108256554
0.10601760811642254
0.1311097944725297
0.1552204876188557
0.17074572169292646
0.17074572169292648
0.1552204876188557
0.1311097944725297
0.10601760811642255
0.08415660108256554
0.06665843423131314
0.05315585843602748
0.05315585843602748
0.06665843423131314
0.08415660108256552
0.10601760811642254
0.1311097944725297
0.1552204876188557
0.17074572169292646
0.17074572169292648
0.1552204876188557
0.13110979447252968
0.10601760811642254
0.08415660108256554
0.06665843423131314
0.05315585843602748
0.05140329146558573
0.06397045516590702
0.07998841677741492
0.09959497094758367
0.12157375769004378
0.14219188820008977
0.1552206106502408
0.1552206106502408
0.14219188820008977
0.12157375769004378
0.09959497094758368
0.0799884167774149
0.06397045516590702
0.051403291465585726
0.04821213038752214
0.05917559273878854
0.07274119619568364
0.08876352509981365
0.1060173671160743
0.12157371611970239
0.13110978383512145
0.13110978383512145
0.12157371611970236
0.10601736711607429
0.08876352509981367
0.07274119619568364
0.05917559273878854
0.04821213038752214
0.053155744271202815
0.06397046362028537
0.07619968117832895
0.08876342343830085
0.09959486352744358
0.10601735504618738
0.10601735504618738
0.09959486352744358
0.08876342343830083
0.07619968117832894
0.06397046362028536
0.053155744271202815
0.046755478098839835
0.0550268297837239
0.06397045813420005
0.0727412564537082
0.07998856926766153
0.08415675268509037
0.08415675268509039
0.07998856926766153
0.07274125645370821
0.06397045813420005
0.05502682978372389
0.04675547809883983
0.046755447838136316
0.05315573815557129
0.05917556614493072
0.06397047240720218
0.06665850632896318
0.0666585063289632
0.06397047240720218
0.05917556614493072
0.0531557381555713
0.04675544783813632
0.048212066013881096
0.05140323631019995
0.05315571710614089
0.05315571710614089
0.05140323631019995
0.04821206601388109
0.06081592359828644
0.06496809463822631
0.06725496626723723
0.06725496626723723
0.0649680946382263
0.060815923598286435
0.057145523329499494
0.06496808185579898
0.07232566340142003
0.07818606155576613
0.08147139590574122
0.08147139590574123
0.07818606155576613
0.07232566340142002
0.06496808185579898
0.057145523329499494
0.06496809514984292
0.0751461665736479
0.08503272745691738
0.09313310118158336
0.09776386349864116
0.09776386349864115
0.09313310118158336
0.08503272745691738
0.0751461665736479
0.06496809514984292
0.06081594680646304
0.07232561707222869
0.08503268072150026
0.09776392648008304
0.10848857631682585
0.11474222404392206
0.11474222404392206
0.10848857631682585
0.09776392648008306
0.08503268072150026
0.07232561707222869
0.060815946806463045
0.06496803942583854
0.07818595869456318
0.0931332544670315
0.10848863068154461
0.12172702890857866
0.12957676586446387
0.12957676586446387
0.12172702890857864
0.10848863068154464
0.0931332544670315
0.07818595869456318
0.06496803942583854
0.06725490864028967
0.0814713310116693
0.09776409481719339
0.11474234916509418
0.12957669742504635
0.13845954249291165
0.13845954249291165
0.12957669742504635
0.1147423491650942
0.09776409481719339
0.0814713310116693
0.06725490864028968
0.06725490864028967
0.0814713310116693
0.0977640948171934
0.11474234916509418
0.12957669742504635
0.13845954249291165
0.13845954249291165
0.12957669742504635
0.11474234916509415
0.09776409481719339
0.0814713310116693
0.06725490864028968
0.06496803942583854
0.07818595869456318
0.0931332544670315
0.10848863068154463
0.12172702890857869
0.12957676586446387
0.12957676586446387
0.12172702890857866
0.10848863068154463
0.09313325446703151
0.07818595869456318
0.06496803942583852
0.06081594680646304
0.07232561707222869
0.08503268072150026
0.09776392648008306
0.10848857631682586
0.11474222404392206
0.11474222404392205
0.10848857631682585
0.09776392648008306
0.08503268072150026
0.07232561707222868
0.060815946806463045
0.06496809514984292
0.0751461665736479
0.0850327274569174
0.09313310118158336
0.09776386349864116
0.09776386349864116
0.09313310118158334
0.08503272745691738
0.07514616657364792
0.0649680951498429
0.057145523329499494
0.06496808185579898
0.07232566340142003
0.07818606155576613
0.08147139590574122
0.08147139590574123
0.07818606155576613
0.07232566340142005
0.06496808185579898
0.057145523329499494
0.060815923598286435
0.06496809463822631
0.06725496626723723
0.06725496626723723
0.06496809463822631
0.06081592359828644
0.06963960203592007
0.07424901128302358
0.0767803703736826
0.0767803703736826
0.07424901128302358
0.06963960203592007
0.071873295425286
0.07948302078610928
0.08547564515944057
0.0888093361105393
0.08880933611053932
0.08547564515944059
0.07948302078610929
0.07187329542528602
0.06963954103426682
0.07948299676123141
0.08880948581498575
0.09628463523710845
0.10049350250196956
0.10049350250196958
0.09628463523710845
0.08880948581498575
0.07948299676123143
0.06963954103426681
0.07424894041984767
0.08547559667735614
0.09628479316388425
0.10507087579190463
0.11006637689429213
0.11006637689429212
0.10507087579190463
0.09628479316388425
0.08547559667735614
0.07424894041984767
0.07678032098015179
0.08880946391346312
0.10049369816563784
0.11006648232431794
0.11553924335161855
0.11553924335161854
0.11006648232431794
0.10049369816563786
0.08880946391346312
0.0767803209801518
0.0767803209801518
0.08880946391346312
0.10049369816563786
0.11006648232431795
0.11553924335161853
0.11553924335161854
0.11006648232431795
0.10049369816563784
0.08880946391346312
0.0767803209801518
0.07424894041984767
0.08547559667735614
0.09628479316388426
0.10507087579190465
0.11006637689429212
0.11006637689429213
0.10507087579190463
0.09628479316388425
0.08547559667735616
0.07424894041984767
0.06963954103426681
0.07948299676123141
0.08880948581498575
0.09628463523710845
0.10049350250196955
0.10049350250196956
0.09628463523710845
0.08880948581498575
0.07948299676123143
0.06963954103426681
0.071873295425286
0.07948302078610928
0.08547564515944059
0.0888093361105393
0.0888093361105393
0.08547564515944059
0.07948302078610928
0.071873295425286
0.06963960203592007
0.07424901128302358
0.0767803703736826
0.0767803703736826
0.07424901128302357
0.06963960203592008
0.077925535631755
0.08035323012687363
0.08035323012687363
0.077925535631755
0.08035323081903595
0.08567179658508683
0.08859314172316644
0.08859314172316644
0.08567179658508685
0.08035323081903596
0.07792555282009883
0.08567178652708733
0.0917116317872614
0.09504822839895295
0.09504822839895294
0.0917116317872614
0.08567178652708733
0.07792555282009883
0.08035322197277224
0.08859312015047202
0.09504822262090913
0.09862625114334428
0.09862625114334428
0.09504822262090913
0.08859312015047202
0.08035322197277224
0.08035322197277224
0.08859312015047202
0.09504822262090915
0.09862625114334428
0.09862625114334428
0.09504822262090915
0.08859312015047204
0.08035322197277224
0.07792555282009885
0.08567178652708735
0.0917116317872614
0.09504822839895294
0.09504822839895292
0.09171163178726138
0.08567178652708735
0.07792555282009883
0.08035323081903595
0.08567179658508683
0.08859314172316644
0.08859314172316646
0.08567179658508685
0.08035323081903595
0.077925535631755
0.08035323012687363
0.08035323012687365
0.077925535631755