-1.3784266517016903
-1.37842665170169
-1.378425927244636
-1.4893855160290213
-1.551488708184817
-1.551488708184817
-1.4893855160290213
-1.378425927244636
-1.4893851597672048
-1.6187190695913949
-1.6917202989585267
-1.6917202989585267
-1.6187190695913949
-1.4893851597672048
-1.3784265425919537
-1.5514882527397353
-1.6917196545283362
-1.7712441970169093
-1.7712441970169093
-1.6917196545283362
-1.5514882527397353
-1.3784265425919537
-1.3784265425919537
-1.5514882527397351
-1.691719654528336
-1.7712441970169095
-1.7712441970169095
-1.6917196545283362
-1.5514882527397353
-1.3784265425919537
-1.4893851597672048
-1.6187190695913949
-1.6917202989585267
-1.6917202989585267
-1.6187190695913949
-1.489385159767205
-1.378425927244636
-1.4893855160290213
-1.551488708184817
-1.5514887081848172
-1.4893855160290213
-1.3784259272446362
-1.3784266517016903
-1.37842665170169
-1.2115718494121661
-1.260249923492691
-1.260249923492691
-1.2115718494121663
-1.1663608030672747
-1.3127979580442832
-1.4314558191852904
-1.4987461368715467
-1.4987461368715467
-1.4314558191852904
-1.3127979580442832
-1.1663608030672747
-1.3127976109251378
-1.4987449038106835
-1.6530137141912302
-1.7419301762754926
-1.7419301762754926
-1.6530137141912302
-1.4987449038106835
-1.3127976109251378
-1.211571921308951
-1.4314549333764133
-1.6530129280040335
-1.8403090933367494
-1.949667620228463
-1.9496676202284628
-1.8403090933367492
-1.6530129280040335
-1.4314549333764133
-1.211571921308951
-1.2602495000141434
-1.4987450778518812
-1.7419284475447678
-1.9496665923363619
-2.0718255463547344
-2.0718255463547344
-1.9496665923363619
-1.7419284475447678
-1.498745077851881
-1.2602495000141434
-1.2602495000141434
-1.4987450778518812
-1.7419284475447678
-1.9496665923363619
-2.0718255463547344
-2.0718255463547344
-1.9496665923363619
-1.7419284475447678
-1.4987450778518812
-1.2602495000141434
-1.211571921308951
-1.4314549333764133
-1.6530129280040335
-1.8403090933367492
-1.9496676202284628
-1.949667620228463
-1.8403090933367492
-1.6530129280040335
-1.4314549333764133
-1.2115719213089513
-1.3127976109251378
-1.4987449038106835
-1.6530137141912302
-1.7419301762754926
-1.7419301762754926
-1.6530137141912302
-1.4987449038106835
-1.3127976109251378
-1.1663608030672747
-1.3127979580442832
-1.4314558191852906
-1.4987461368715465
-1.4987461368715467
-1.4314558191852906
-1.3127979580442832
-1.1663608030672747
-1.2115718494121661
-1.2602499234926912
-1.260249923492691
-1.2115718494121661
-0.9912868352053888
-1.0311133187795403
-1.0311133187795403
-0.9912868352053888
-0.9912862527015851
-1.1206518837255115
-1.2262470290277454
-1.286430342664082
-1.286430342664082
-1.2262470290277454
-1.1206518837255115
-0.9912862527015851
-0.9912859985166907
-1.1711909930659017
-1.3524657908808113
-1.5057068307426091
-1.5951813962118613
-1.5951813962118613
-1.5057068307426091
-1.3524657908808113
-1.1711909930659017
-0.9912859985166906
-1.120651611650261
-1.35246481790462
-1.5951795410883665
-1.8073630657023807
-1.9340798790964868
-1.9340798790964866
-1.8073630657023807
-1.5951795410883665
-1.35246481790462
-1.1206516116502607
-0.9912865554518424
-1.2262463113515594
-1.505705368849562
-1.807361517419296
-2.0779031913265142
-2.2419466215359933
-2.2419466215359938
-2.0779031913265142
-1.807361517419296
-1.505705368849562
-1.2262463113515594
-0.9912865554518424
-1.0311133865579472
-1.2864300247462779
-1.5951798230839915
-1.9340754729037755
-2.2419440679581744
-2.4296424905949756
-2.4296424905949756
-2.2419440679581744
-1.9340754729037755
-1.5951798230839915
-1.286430024746278
-1.0311133865579472
-1.0311133865579472
-1.286430024746278
-1.5951798230839915
-1.9340754729037752
-2.2419440679581744
-2.4296424905949756
-2.4296424905949756
-2.2419440679581744
-1.9340754729037752
-1.5951798230839915
-1.286430024746278
-1.0311133865579472
-0.9912865554518425
-1.2262463113515594
-1.5057053688495623
-1.807361517419296
-2.0779031913265142
-2.2419466215359933
-2.2419466215359938
-2.0779031913265142
-1.807361517419296
-1.5057053688495619
-1.2262463113515594
-0.9912865554518424
-1.1206516116502607
-1.35246481790462
-1.5951795410883667
-1.807363065702381
-1.9340798790964868
-1.9340798790964868
-1.8073630657023807
-1.5951795410883665
-1.35246481790462
-1.1206516116502607
-0.9912859985166907
-1.1711909930659017
-1.3524657908808113
-1.5057068307426091
-1.5951813962118615
-1.5951813962118613
-1.5057068307426091
-1.3524657908808113
-1.1711909930659017
-0.9912859985166907
-0.9912862527015851
-1.1206518837255115
-1.2262470290277454
-1.286430342664082
-1.286430342664082
-1.2262470290277454
-1.1206518837255115
-0.9912862527015852
-0.9912868352053887
-1.0311133187795403
-1.0311133187795403
-0.9912868352053888
-0.7422316533775727
-0.7422316533775727
-0.7422296351623554
-0.8354172467262074
-0.9109261975787759
-0.9537481185876405
-0.9537481185876405
-0.9109261975787759
-0.8354172467262074
-0.7422296351623554
-0.7709999285806592
-0.9109261823035731
-1.0519197885875684
-1.1711136789350296
-1.2406974716596308
-1.2406974716596306
-1.1711136789350296
-1.0519197885875684
-0.9109261823035731
-0.7709999285806592
-0.742229273577674
-0.9109257696341733
-1.108500147606077
-1.318433168308273
-1.5042817541629336
-1.6161470255459216
-1.6161470255459216
-1.5042817541629336
-1.318433168308273
-1.1085001476060772
-0.9109257696341733
-0.742229273577674
-0.8354163745462281
-1.051917929063682
-1.3184316902906184
-1.6161448929378825
-1.8897223648450259
-2.056569956080565
-2.056569956080565
-1.8897223648450259
-1.6161448929378823
-1.3184316902906184
-1.051917929063682
-0.835416374546228
-0.91092548136708
-1.1711058548065219
-1.5042792887605096
-1.8897201627506317
-2.2447092862468843
-2.444987242149264
-2.4449872421492636
-2.2447092862468843
-1.8897201627506317
-1.5042792887605096
-1.1711058548065219
-0.91092548136708
-0.7422292914300763
-0.953747512636089
-1.2406959055099158
-1.6161454252084781
-2.056563941251138
-2.4449794934020224
-2.587349412106001
-2.587349412106001
-2.4449794934020224
-2.0565639412511385
-1.6161454252084784
-1.2406959055099158
-0.953747512636089
-0.7422292914300763
-0.7422292914300764
-0.9537475126360889
-1.2406959055099158
-1.6161454252084781
-2.056563941251138
-2.4449794934020224
-2.5873494121060006
-2.587349412106001
-2.4449794934020224
-2.056563941251138
-1.6161454252084781
-1.2406959055099158
-0.9537475126360889
-0.7422292914300763
-0.91092548136708
-1.171105854806522
-1.5042792887605092
-1.8897201627506317
-2.2447092862468843
-2.444987242149264
-2.444987242149264
-2.2447092862468843
-1.8897201627506317
-1.5042792887605094
-1.1711058548065219
-0.91092548136708
-0.835416374546228
-1.0519179290636822
-1.3184316902906184
-1.6161448929378823
-1.8897223648450259
-2.056569956080565
-2.056569956080565
-1.889722364845026
-1.6161448929378823
-1.3184316902906186
-1.0519179290636822
-0.835416374546228
-0.742229273577674
-0.9109257696341733
-1.108500147606077
-1.3184331683082728
-1.5042817541629336
-1.6161470255459216
-1.6161470255459216
-1.5042817541629336
-1.3184331683082728
-1.1085001476060772
-0.9109257696341733
-0.742229273577674
-0.7709999285806592
-0.9109261823035731
-1.0519197885875684
-1.1711136789350296
-1.2406974716596306
-1.2406974716596306
-1.1711136789350298
-1.0519197885875684
-0.9109261823035731
-0.7709999285806592
-0.7422296351623553
-0.8354172467262075
-0.9109261975787759
-0.9537481185876404
-0.9537481185876404
-0.9109261975787759
-0.8354172467262075
-0.7422296351623553
-0.7422316533775728
-0.7422316533775727
-0.5301640653121663
-0.5728406567514827
-0.5967262799017621
-0.5967262799017622
-0.5728406567514827
-0.5301640653121662
-0.5967268587118255
-0.6812475279872166
-0.7513697975462698
-0.7917864958153482
-0.7917864958153481
-0.7513697975462699
-0.6812475279872166
-0.5967268587118255
-0.6225837033264203
-0.7513693782512505
-0.886211258130114
-1.0040898487978793
-1.0744866921477287
-1.0744866921477287
-1.0040898487978793
-0.886211258130114
-0.7513693782512505
-0.6225837033264203
-0.5967258352083048
-0.7513689919900368
-0.9417369209440858
-1.154388311946371
-1.3498025124447532
-1.4689751480614301
-1.4689751480614301
-1.3498025124447532
-1.154388311946371
-0.9417369209440857
-0.7513689919900368
-0.5967258352083048
-0.5301637535352676
-0.6812472462103286
-0.8862100333546628
-1.1543904004298327
-1.4689723004586606
-1.7464086617975327
-1.848102021110675
-1.848102021110675
-1.746408661797533
-1.4689723004586606
-1.1543904004298327
-0.8862100333546628
-0.6812472462103286
-0.5301637535352676
-0.5728401834860347
-0.7513687325082764
-1.0040891931137201
-1.349799616922398
-1.7464093362482782
-1.8945217398739915
-1.8958793313678155
-1.8958793313678153
-1.8945217398739922
-1.746409336248278
-1.349799616922398
-1.0040891931137201
-0.7513687325082763
-0.5728401834860348
-0.5967258192257469
-0.7917849163488416
-1.0741037244233513
-1.4689725280420793
-1.8481015473824205
-1.8958840587381507
-1.8335906064246714
-1.8335906064246714
-1.8958840587381505
-1.8481015473824196
-1.4689725280420793
-1.0741037244233513
-0.7917849163488415
-0.5967258192257467
-0.5967258192257469
-0.7917849163488415
-1.0741037244233513
-1.4689725280420793
-1.8481015473824203
-1.8958840587381507
-1.8335906064246714
-1.8335906064246714
-1.8958840587381505
-1.8481015473824194
-1.4689725280420793
-1.0741037244233513
-0.7917849163488416
-0.5967258192257469
-0.5728401834860348
-0.7513687325082763
-1.0040891931137201
-1.349799616922398
-1.746409336248278
-1.894521739873992
-1.8958793313678157
-1.8958793313678157
-1.8945217398739922
-1.746409336248278
-1.3497996169223976
-1.0040891931137201
-0.7513687325082764
-0.5728401834860347
-0.5301637535352676
-0.6812472462103287
-0.8862100333546628
-1.1543904004298327
-1.4689723004586606
-1.746408661797533
-1.8481020211106696
-1.8481020211106696
-1.7464086617975327
-1.4689723004586603
-1.1543904004298327
-0.886210033354663
-0.6812472462103287
-0.5301637535352675
-0.5967258352083048
-0.7513689919900368
-0.9417369209440858
-1.1543883119463707
-1.3498025124447532
-1.4689751480614301
-1.4689751480614301
-1.3498025124447532
-1.1543883119463707
-0.9417369209440857
-0.7513689919900367
-0.5967258352083048
-0.6225837033264203
-0.7513693782512505
-0.8862112581301141
-1.0040898487978793
-1.0744866921477287
-1.0744866921477287
-1.0040898487978793
-0.886211258130114
-0.7513693782512505
-0.6225837033264203
-0.5967268587118255
-0.6812475279872166
-0.7513697975462698
-0.7917864958153481
-0.7917864958153481
-0.7513697975462698
-0.6812475279872166
-0.5967268587118255
-0.5301640653121663
-0.5728406567514827
-0.5967262799017621
-0.5967262799017621
-0.5728406567514828
-0.5301640653121663
-0.34370376120370505
-0.37354980017575967
-0.39039619028634187
-0.3903961902863418
-0.37354980017575967
-0.3437037612037051
-0.3304280185608947
-0.39039599714385337
-0.45082068414193555
-0.5019017338538252
-0.5317260180600507
-0.5317260180600507
-0.5019017338538252
-0.45082068414193555
-0.3903959971438533
-0.33042801856089465
-0.33042795188269203
-0.4087480006140174
-0.5019012925330559
-0.6024527783139569
-0.6926317798233566
-0.7473129546995274
-0.7473129546995274
-0.6926317798233566
-0.602452778313957
-0.5019012925330559
-0.4087480006140174
-0.33042795188269203
-0.39039633911422156
-0.501901033074001
-0.6446897324355838
-0.8098784506860887
-0.9620134260214954
-1.0478442361482232
-1.0478442361482232
-0.9620134260214954
-0.8098784506860885
-0.6446897324355838
-0.501901033074001
-0.39039633911422145
-0.3437037022280235
-0.45082113590561834
-0.6024525837808923
-0.8098787707021754
-1.0478457692707852
-1.1367103959195555
-1.1375265690853837
-1.1375265690853837
-1.1367103959195521
-1.047845769270785
-0.8098787707021754
-0.6024525837808922
-0.45082113590561834
-0.34370370222802343
-0.37354983908817047
-0.5019011367190378
-0.6926320005258196
-0.9620154947252247
-1.1367103787978787
-1.1001529334394609
-0.995196799263161
-0.995196799263161
-1.1001529334394602
-1.1367103787978814
-0.9620154947252246
-0.6926320005258195
-0.5019011367190378
-0.37354983908817047
-0.3903963428640558
-0.5317251702083288
-0.7473131731570539
-1.0478450618157096
-1.137527064293085
-0.995193535544407
-0.8334398849230763
-0.8334398849230763
-0.9951935355444058
-1.1375270642930846
-1.0478450618157096
-0.7473131731570538
-0.5317251702083288
-0.3903963428640558
-0.3903963428640558
-0.5317251702083288
-0.7473131731570538
-1.0478450618157096
-1.1375270642930821
-0.9951935355444073
-0.8334398849230762
-0.8334398849230763
-0.995193535544407
-1.1375270642930813
-1.0478450618157096
-0.7473131731570538
-0.5317251702083288
-0.3903963428640558
-0.3735498390881704
-0.5019011367190377
-0.6926320005258196
-0.9620154947252245
-1.1367103787978772
-1.1001529334394609
-0.9951967992631574
-0.9951967992631574
-1.1001529334394604
-1.13671037879788
-0.9620154947252246
-0.6926320005258197
-0.5019011367190377
-0.3735498390881704
-0.34370370222802343
-0.4508211359056183
-0.6024525837808923
-0.8098787707021753
-1.0478457692707854
-1.1367103959195557
-1.1375265690853806
-1.1375265690853806
-1.1367103959195521
-1.047845769270785
-0.8098787707021753
-0.6024525837808923
-0.45082113590561834
-0.3437037022280235
-0.39039633911422156
-0.501901033074001
-0.6446897324355838
-0.8098784506860888
-0.9620134260214954
-1.0478442361482232
-1.0478442361482232
-0.9620134260214955
-0.8098784506860888
-0.6446897324355838
-0.501901033074001
-0.39039633911422156
-0.33042795188269203
-0.4087480006140174
-0.5019012925330559
-0.6024527783139568
-0.6926317798233566
-0.7473129546995274
-0.7473129546995274
-0.6926317798233564
-0.602452778313957
-0.5019012925330559
-0.4087480006140174
-0.33042795188269203
-0.33042801856089465
-0.3903959971438533
-0.45082068414193555
-0.5019017338538252
-0.5317260180600508
-0.5317260180600508
-0.5019017338538252
-0.45082068414193555
-0.3903959971438533
-0.33042801856089465
-0.3437037612037051
-0.3735498001757596
-0.39039619028634187
-0.39039619028634187
-0.37354980017575967
-0.34370376120370516
-0.10603261358329856
-0.11934506330746529
-0.13013202410417915
-0.1362492418886355
-0.1362492418886355
-0.1301320241041791
-0.1193450633074653
-0.10603261358329855
-0.11456777905714816
-0.13624941097267312
-0.15835703908337842
-0.17724204763297158
-0.18834738931541056
-0.18834738931541056
-0.1772420476329716
-0.15835703908337842
-0.13624941097267312
-0.11456777905714817
-0.11456779899657973
-0.14293643156359748
-0.17724185667054296
-0.21489648904344427
-0.24910413703695883
-0.2699593122577954
-0.26995931225779535
-0.24910413703695883
-0.2148964890434443
-0.17724185667054293
-0.14293643156359745
-0.11456779899657978
-0.1060325101182336
-0.1362491090191384
-0.17724176810506864
-0.23087724606888588
-0.2937939884024459
-0.3492819926787105
-0.3696194637338848
-0.36961946373388477
-0.34928199267871046
-0.2937939884024459
-0.2308772460688858
-0.17724176810506867
-0.1362491090191384
-0.1060325101182336
-0.11934508326818002
-0.15835663140754055
-0.21489667849356192
-0.2937935667143433
-0.3696172034345773
-0.37917411584756366
-0.36671553921367755
-0.3667155392136775
-0.3791741158475639
-0.36961720343457677
-0.29379356671434337
-0.21489667849356195
-0.15835663140754053
-0.11934508326818005
-0.1301320421089288
-0.17724169062457634
-0.24910439739736176
-0.3492830119400528
-0.37917594909412117
-0.3317278934399361
-0.27781325627945475
-0.27781325627945486
-0.3317278934399363
-0.3791759490941206
-0.3492830119400528
-0.24910439739736173
-0.17724169062457634
-0.1301320421089288
-0.13624928273712988
-0.18834713041521484
-0.2699596107117614
-0.369620495891573
-0.3667170660374103
-0.2778130824441033
-0.25218419683081683
-0.2521841968308167
-0.27781308244410347
-0.3667170660374104
-0.36962049589156715
-0.2699596107117613
-0.18834713041521484
-0.13624928273712988
-0.13624928273712988
-0.18834713041521478
-0.26995961071176133
-0.3696204958915759
-0.3667170660374086
-0.27781308244410335
-0.25218419683081655
-0.2521841968308167
-0.2778130824441034
-0.3667170660374081
-0.36962049589156853
-0.26995961071176133
-0.18834713041521484
-0.13624928273712988
-0.1301320421089288
-0.1772416906245763
-0.24910439739736173
-0.34928301194005273
-0.3791759490941198
-0.3317278934399356
-0.2778132562794548
-0.27781325627945475
-0.33172789343993614
-0.3791759490941198
-0.34928301194005273
-0.24910439739736176
-0.1772416906245763
-0.1301320421089288
-0.11934508326818005
-0.15835663140754055
-0.21489667849356198
-0.29379356671434337
-0.36961720343457893
-0.37917411584756355
-0.3667155392136797
-0.3667155392136797
-0.37917411584756416
-0.3696172034345781
-0.2937935667143433
-0.21489667849356192
-0.15835663140754053
-0.11934508326818004
-0.10603251011823359
-0.13624910901913836
-0.17724176810506867
-0.23087724606888582
-0.29379398840244597
-0.3492819926787105
-0.36961946373387766
-0.3696194637338778
-0.34928199267871063
-0.29379398840244597
-0.23087724606888577
-0.17724176810506867
-0.13624910901913836
-0.10603251011823361
-0.11456779899657978
-0.14293643156359745
-0.17724185667054293
-0.21489648904344424
-0.24910413703695886
-0.26995931225779535
-0.2699593122577954
-0.24910413703695886
-0.21489648904344433
-0.17724185667054293
-0.14293643156359742
-0.11456779899657979
-0.11456777905714816
-0.13624941097267312
-0.1583570390833784
-0.1772420476329716
-0.1883473893154105
-0.18834738931541056
-0.17724204763297158
-0.1583570390833784
-0.13624941097267312
-0.11456777905714816
-0.10603261358329856
-0.11934506330746525
-0.13013202410417915
-0.13624924188863546
-0.13624924188863546
-0.13013202410417912
-0.11934506330746528
-0.10603261358329856
0.10603261358329853
0.11934506330746526
0.13013202410417912
0.13624924188863552
0.13624924188863552
0.13013202410417912
0.11934506330746525
0.10603261358329855
0.11456777905714814
0.13624941097267307
0.15835703908337842
0.1772420476329716
0.1883473893154105
0.18834738931541056
0.17724204763297163
0.15835703908337842
0.13624941097267312
0.11456777905714816
0.11456779899657978
0.14293643156359745
0.17724185667054296
0.21489648904344424
0.24910413703695877
0.26995931225779535
0.26995931225779535
0.2491041370369588
0.2148964890434443
0.17724185667054293
0.14293643156359742
0.11456779899657976
0.10603251011823359
0.13624910901913834
0.17724176810506864
0.2308772460688858
0.29379398840244597
0.3492819926787105
0.36961946373388477
0.36961946373388477
0.3492819926787107
0.29379398840244597
0.2308772460688858
0.17724176810506861
0.13624910901913834
0.10603251011823359
0.11934508326818007
0.15835663140754053
0.21489667849356192
0.2937935667143433
0.36961720343457877
0.3791741158475635
0.3667155392136773
0.3667155392136774
0.3791741158475637
0.36961720343457793
0.29379356671434337
0.21489667849356192
0.15835663140754058
0.11934508326818001
0.1301320421089288
0.17724169062457637
0.24910439739736173
0.3492830119400526
0.3791759490941199
0.3317278934399357
0.27781325627945475
0.27781325627945475
0.3317278934399357
0.3791759490941194
0.3492830119400527
0.2491043973973617
0.17724169062457634
0.13013204210892879
0.13624928273712988
0.18834713041521484
0.26995961071176133
0.369620495891573
0.36671706603740983
0.2778130824441034
0.2521841968308166
0.2521841968308166
0.2778130824441033
0.36671706603740994
0.3696204958915687
0.26995961071176133
0.18834713041521486
0.13624928273712988
0.13624928273712988
0.18834713041521484
0.2699596107117614
0.36962049589157603
0.3667170660374081
0.2778130824441034
0.2521841968308167
0.2521841968308166
0.2778130824441034
0.3667170660374076
0.3696204958915707
0.2699596107117612
0.18834713041521484
0.1362492827371299
0.1301320421089288
0.1772416906245763
0.24910439739736173
0.34928301194005273
0.3791759490941195
0.33172789343993647
0.27781325627945475
0.27781325627945475
0.331727893439937
0.3791759490941198
0.34928301194005257
0.24910439739736173
0.1772416906245763
0.1301320421089288
0.11934508326818004
0.15835663140754055
0.21489667849356198
0.29379356671434337
0.3696172034345787
0.37917411584756333
0.3667155392136773
0.3667155392136773
0.3791741158475639
0.3696172034345786
0.29379356671434337
0.21489667849356192
0.15835663140754055
0.11934508326818002
0.10603251011823359
0.13624910901913834
0.17724176810506867
0.23087724606888577
0.293793988402446
0.3492819926787105
0.3696194637338788
0.3696194637338789
0.3492819926787105
0.29379398840244597
0.23087724606888577
0.17724176810506861
0.13624910901913834
0.10603251011823359
0.11456779899657979
0.14293643156359748
0.17724185667054293
0.21489648904344427
0.24910413703695888
0.26995931225779535
0.26995931225779535
0.24910413703695883
0.21489648904344424
0.17724185667054293
0.14293643156359742
0.11456779899657976
0.11456777905714816
0.13624941097267312
0.1583570390833784
0.17724204763297163
0.18834738931541053
0.18834738931541056
0.17724204763297163
0.15835703908337842
0.13624941097267312
0.11456777905714813
0.10603261358329852
0.11934506330746525
0.13013202410417915
0.13624924188863546
0.13624924188863546
0.13013202410417918
0.11934506330746525
0.10603261358329849
0.34370376120370505
0.3735498001757596
0.3903961902863419
0.39039619028634187
0.37354980017575956
0.3437037612037051
0.33042801856089465
0.3903959971438533
0.4508206841419356
0.5019017338538252
0.5317260180600507
0.5317260180600508
0.5019017338538252
0.45082068414193555
0.39039599714385337
0.33042801856089465
0.33042795188269203
0.4087480006140174
0.5019012925330559
0.6024527783139569
0.6926317798233564
0.7473129546995274
0.7473129546995276
0.6926317798233566
0.6024527783139569
0.5019012925330559
0.4087480006140174
0.33042795188269203
0.3903963391142215
0.501901033074001
0.6446897324355839
0.8098784506860885
0.9620134260214955
1.0478442361482232
1.0478442361482234
0.9620134260214954
0.8098784506860885
0.6446897324355839
0.5019010330740009
0.3903963391142215
0.3437037022280235
0.4508211359056183
0.6024525837808923
0.8098787707021752
1.047845769270785
1.1367103959195552
1.1375265690853835
1.1375265690853835
1.1367103959195555
1.0478457692707852
0.8098787707021753
0.6024525837808923
0.4508211359056183
0.34370370222802343
0.37354983908817047
0.5019011367190378
0.6926320005258195
0.9620154947252246
1.136710378797878
1.1001529334394609
0.9951967992631603
0.9951967992631604
1.1001529334394602
1.1367103787978818
0.9620154947252246
0.6926320005258196
0.5019011367190378
0.37354983908817047
0.3903963428640558
0.5317251702083288
0.7473131731570538
1.0478450618157096
1.1375270642930853
0.9951935355444067
0.8334398849230762
0.8334398849230762
0.995193535544407
1.1375270642930833
1.0478450618157096
0.7473131731570538
0.5317251702083288
0.39039634286405583
0.39039634286405583
0.5317251702083288
0.7473131731570538
1.0478450618157096
1.137527064293085
0.9951935355444055
0.8334398849230764
0.8334398849230762
0.9951935355444073
1.1375270642930828
1.0478450618157096
0.7473131731570538
0.5317251702083288
0.3903963428640558
0.3735498390881705
0.5019011367190378
0.6926320005258195
0.9620154947252246
1.1367103787978754
1.1001529334394613
0.9951967992631569
0.995196799263157
1.1001529334394604
1.1367103787978798
0.9620154947252246
0.6926320005258196
0.5019011367190378
0.37354983908817047
0.34370370222802343
0.4508211359056183
0.6024525837808923
0.8098787707021753
1.0478457692707852
1.1367103959195552
1.1375265690853804
1.1375265690853804
1.1367103959195552
1.047845769270785
0.8098787707021753
0.6024525837808923
0.45082113590561834
0.3437037022280235
0.39039633911422145
0.501901033074001
0.6446897324355839
0.8098784506860885
0.9620134260214954
1.047844236148223
1.047844236148223
0.9620134260214954
0.8098784506860885
0.6446897324355839
0.501901033074001
0.39039633911422145
0.33042795188269203
0.40874800061401745
0.5019012925330559
0.6024527783139569
0.6926317798233564
0.7473129546995275
0.7473129546995275
0.6926317798233566
0.6024527783139569
0.5019012925330559
0.40874800061401745
0.33042795188269203
0.33042801856089465
0.3903959971438533
0.4508206841419356
0.5019017338538251
0.5317260180600507
0.5317260180600507
0.5019017338538252
0.45082068414193555
0.3903959971438533
0.33042801856089465
0.34370376120370505
0.3735498001757596
0.39039619028634187
0.39039619028634187
0.37354980017575967
0.34370376120370505
0.5301640653121663
0.5728406567514827
0.5967262799017621
0.5967262799017622
0.5728406567514828
0.5301640653121663
0.5967268587118255
0.6812475279872166
0.7513697975462699
0.7917864958153481
0.7917864958153481
0.7513697975462698
0.6812475279872164
0.5967268587118255
0.6225837033264203
0.7513693782512505
0.886211258130114
1.0040898487978793
1.0744866921477287
1.0744866921477285
1.0040898487978793
0.886211258130114
0.7513693782512505
0.6225837033264203
0.5967258352083048
0.7513689919900368
0.9417369209440858
1.154388311946371
1.3498025124447532
1.4689751480614301
1.4689751480614301
1.3498025124447532
1.154388311946371
0.9417369209440857
0.7513689919900368
0.5967258352083048
0.5301637535352676
0.6812472462103287
0.8862100333546629
1.1543904004298327
1.4689723004586606
1.746408661797533
1.8481020211106731
1.8481020211106731
1.7464086617975332
1.4689723004586603
1.1543904004298324
0.8862100333546628
0.6812472462103286
0.5301637535352676
0.5728401834860348
0.7513687325082764
1.0040891931137201
1.3497996169223978
1.7464093362482782
1.8945217398739915
1.8958793313678155
1.8958793313678153
1.8945217398739922
1.746409336248278
1.3497996169223978
1.0040891931137201
0.7513687325082764
0.5728401834860348
0.5967258192257469
0.7917849163488416
1.0741037244233516
1.4689725280420793
1.8481015473824214
1.8958840587381507
1.833590606424671
1.833590606424671
1.8958840587381505
1.8481015473824194
1.4689725280420793
1.0741037244233513
0.7917849163488416
0.5967258192257469
0.5967258192257469
0.7917849163488416
1.0741037244233513
1.4689725280420793
1.8481015473824212
1.8958840587381507
1.833590606424671
1.833590606424671
1.895884058738151
1.8481015473824192
1.4689725280420796
1.0741037244233513
0.7917849163488416
0.5967258192257469
0.5728401834860348
0.7513687325082764
1.0040891931137201
1.349799616922398
1.746409336248278
1.8945217398739918
1.8958793313678157
1.8958793313678157
1.8945217398739922
1.7464093362482782
1.349799616922398
1.0040891931137201
0.7513687325082764
0.5728401834860348
0.5301637535352676
0.6812472462103286
0.8862100333546629
1.1543904004298327
1.4689723004586606
1.7464086617975327
1.8481020211106676
1.8481020211106673
1.7464086617975327
1.4689723004586606
1.1543904004298327
0.8862100333546629
0.6812472462103286
0.5301637535352676
0.5967258352083048
0.7513689919900368
0.9417369209440858
1.154388311946371
1.3498025124447535
1.4689751480614301
1.4689751480614301
1.3498025124447532
1.1543883119463707
0.9417369209440858
0.7513689919900368
0.5967258352083048
0.6225837033264203
0.7513693782512505
0.886211258130114
1.0040898487978793
1.0744866921477287
1.0744866921477287
1.0040898487978793
0.886211258130114
0.7513693782512506
0.6225837033264203
0.5967268587118255
0.6812475279872167
0.7513697975462698
0.7917864958153481
0.7917864958153482
0.7513697975462698
0.6812475279872166
0.5967268587118255
0.5301640653121663
0.5728406567514827
0.5967262799017621
0.5967262799017621
0.5728406567514827
0.5301640653121663
0.7422316533775727
0.7422316533775727
0.7422296351623554
0.8354172467262075
0.9109261975787758
0.9537481185876405
0.9537481185876404
0.9109261975787758
0.8354172467262075
0.7422296351623554
0.7709999285806592
0.9109261823035731
1.0519197885875684
1.1711136789350298
1.2406974716596308
1.2406974716596308
1.1711136789350298
1.0519197885875684
0.9109261823035731
0.7709999285806592
0.742229273577674
0.9109257696341734
1.1085001476060772
1.3184331683082728
1.5042817541629336
1.6161470255459214
1.6161470255459216
1.5042817541629336
1.3184331683082728
1.1085001476060772
0.9109257696341733
0.742229273577674
0.835416374546228
1.0519179290636822
1.3184316902906184
1.6161448929378823
1.8897223648450259
2.056569956080565
2.056569956080565
1.8897223648450256
1.6161448929378823
1.3184316902906184
1.0519179290636822
0.835416374546228
0.9109254813670801
1.171105854806522
1.5042792887605094
1.8897201627506317
2.2447092862468843
2.4449872421492636
2.444987242149264
2.2447092862468843
1.8897201627506317
1.5042792887605092
1.1711058548065219
0.9109254813670798
0.7422292914300763
0.953747512636089
1.240695905509916
1.6161454252084781
2.056563941251138
2.4449794934020224
2.5873494121060014
2.5873494121060014
2.4449794934020224
2.0565639412511385
1.6161454252084781
1.240695905509916
0.9537475126360889
0.7422292914300763
0.7422292914300764
0.953747512636089
1.240695905509916
1.6161454252084781
2.056563941251138
2.4449794934020224
2.5873494121060014
2.587349412106002
2.4449794934020224
2.056563941251138
1.6161454252084784
1.240695905509916
0.9537475126360889
0.7422292914300763
0.91092548136708
1.1711058548065219
1.5042792887605094
1.8897201627506317
2.2447092862468843
2.4449872421492636
2.4449872421492636
2.2447092862468843
1.8897201627506317
1.5042792887605094
1.1711058548065219
0.91092548136708
0.835416374546228
1.0519179290636822
1.3184316902906184
1.6161448929378823
1.8897223648450259
2.056569956080565
2.056569956080565
1.8897223648450259
1.6161448929378825
1.3184316902906184
1.0519179290636822
0.835416374546228
0.742229273577674
0.9109257696341733
1.108500147606077
1.3184331683082728
1.5042817541629334
1.6161470255459216
1.6161470255459214
1.5042817541629336
1.3184331683082728
1.108500147606077
0.9109257696341733
0.7422292735776739
0.7709999285806592
0.9109261823035731
1.0519197885875684
1.1711136789350298
1.2406974716596306
1.2406974716596306
1.1711136789350298
1.0519197885875684
0.9109261823035731
0.7709999285806594
0.7422296351623554
0.8354172467262075
0.9109261975787759
0.9537481185876404
0.9537481185876404
0.9109261975787759
0.8354172467262075
0.7422296351623554
0.7422316533775728
0.7422316533775728
0.9912868352053888
1.0311133187795405
1.0311133187795403
0.991286835205389
0.9912862527015851
1.1206518837255115
1.2262470290277454
1.286430342664082
1.286430342664082
1.2262470290277454
1.1206518837255115
0.9912862527015851
0.9912859985166906
1.171190993065902
1.3524657908808115
1.5057068307426094
1.5951813962118615
1.5951813962118613
1.5057068307426094
1.3524657908808113
1.171190993065902
0.9912859985166906
1.1206516116502607
1.35246481790462
1.5951795410883667
1.807363065702381
1.9340798790964868
1.9340798790964868
1.8073630657023807
1.5951795410883667
1.35246481790462
1.1206516116502607
0.9912865554518425
1.2262463113515594
1.5057053688495623
1.807361517419296
2.077903191326514
2.2419466215359938
2.2419466215359938
2.077903191326514
1.807361517419296
1.505705368849562
1.2262463113515594
0.9912865554518426
1.0311133865579472
1.2864300247462783
1.5951798230839918
1.9340754729037757
2.2419440679581744
2.429642490594975
2.4296424905949756
2.2419440679581744
1.9340754729037755
1.5951798230839915
1.286430024746278
1.0311133865579472
1.0311133865579472
1.286430024746278
1.5951798230839918
1.9340754729037755
2.2419440679581744
2.4296424905949756
2.4296424905949756
2.2419440679581744
1.9340754729037755
1.5951798230839915
1.286430024746278
1.0311133865579472
0.9912865554518426
1.2262463113515594
1.5057053688495623
1.807361517419296
2.0779031913265142
2.2419466215359938
2.2419466215359938
2.0779031913265142
1.807361517419296
1.505705368849562
1.2262463113515594
0.9912865554518426
1.1206516116502607
1.35246481790462
1.5951795410883665
1.8073630657023807
1.9340798790964868
1.9340798790964868
1.8073630657023807
1.5951795410883665
1.35246481790462
1.1206516116502607
0.9912859985166906
1.1711909930659017
1.3524657908808113
1.5057068307426091
1.5951813962118613
1.5951813962118615
1.5057068307426094
1.3524657908808113
1.171190993065902
0.9912859985166906
0.9912862527015853
1.1206518837255115
1.2262470290277454
1.286430342664082
1.286430342664082
1.2262470290277454
1.1206518837255115
0.9912862527015852
0.991286835205389
1.0311133187795403
1.0311133187795403
0.9912868352053888
1.2115718494121661
1.2602499234926912
1.260249923492691
1.2115718494121661
1.1663608030672747
1.3127979580442832
1.4314558191852904
1.4987461368715467
1.4987461368715467
1.4314558191852904
1.3127979580442835
1.1663608030672747
1.3127976109251378
1.4987449038106835
1.6530137141912302
1.7419301762754926
1.7419301762754926
1.6530137141912302
1.4987449038106835
1.3127976109251378
1.2115719213089513
1.4314549333764133
1.6530129280040335
1.8403090933367492
1.9496676202284628
1.9496676202284628
1.8403090933367494
1.6530129280040335
1.4314549333764133
1.211571921308951
1.2602495000141434
1.4987450778518812
1.7419284475447678
1.9496665923363619
2.0718255463547344
2.0718255463547344
1.9496665923363619
1.7419284475447678
1.4987450778518812
1.2602495000141432
1.2602495000141432
1.498745077851881
1.741928447544768
1.9496665923363619
2.0718255463547344
2.0718255463547344
1.9496665923363619
1.7419284475447678
1.498745077851881
1.2602495000141434
1.2115719213089513
1.4314549333764133
1.6530129280040335
1.8403090933367494
1.9496676202284626
1.9496676202284626
1.8403090933367492
1.6530129280040335
1.4314549333764133
1.2115719213089513
1.3127976109251378
1.4987449038106835
1.6530137141912302
1.7419301762754928
1.7419301762754926
1.6530137141912302
1.4987449038106835
1.3127976109251378
1.1663608030672747
1.3127979580442835
1.4314558191852904
1.4987461368715467
1.4987461368715467
1.4314558191852906
1.3127979580442832
1.1663608030672747
1.2115718494121663
1.260249923492691
1.260249923492691
1.2115718494121661
1.37842665170169
1.37842665170169
1.378425927244636
1.4893855160290213
1.551488708184817
1.551488708184817
1.4893855160290213
1.378425927244636
1.489385159767205
1.6187190695913949
1.6917202989585267
1.6917202989585267
1.6187190695913949
1.4893851597672048
1.3784265425919537
1.5514882527397353
1.6917196545283364
1.7712441970169093
1.7712441970169093
1.6917196545283362
1.5514882527397353
1.3784265425919537
1.3784265425919537
1.5514882527397353
1.6917196545283362
1.7712441970169093
1.7712441970169093
1.6917196545283362
1.5514882527397351
1.3784265425919537
1.489385159767205
1.6187190695913949
1.6917202989585267
1.6917202989585267
1.6187190695913949
1.489385159767205
1.378425927244636
1.489385516029021
1.5514887081848172
1.551488708184817
1.4893855160290213
1.378425927244636
1.37842665170169
1.37842665170169