-1.39471395609842
-1.4362214305412253
-1.4362214305412253
-1.39471395609842
-1.4362206684006666
-1.5267205876019498
-1.5761651328685113
-1.5761651328685113
-1.52672058760195
-1.4362206684006664
-1.3947135876239893
-1.5267203492605856
-1.6287523494943195
-1.6847847634490924
-1.6847847634490922
-1.6287523494943192
-1.5267203492605856
-1.3947135876239891
-1.4362210479280777
-1.576164654009491
-1.6847841128361287
-1.7446003839443813
-1.7446003839443813
-1.6847841128361287
-1.576164654009491
-1.4362210479280777
-1.4362210479280777
-1.576164654009491
-1.6847841128361287
-1.7446003839443813
-1.7446003839443815
-1.6847841128361287
-1.576164654009491
-1.4362210479280777
-1.3947135876239891
-1.5267203492605856
-1.6287523494943192
-1.6847847634490922
-1.6847847634490922
-1.6287523494943192
-1.5267203492605856
-1.3947135876239893
-1.4362206684006666
-1.52672058760195
-1.5761651328685111
-1.5761651328685111
-1.5267205876019498
-1.4362206684006664
-1.39471395609842
-1.4362214305412253
-1.4362214305412253
-1.39471395609842
-1.2447248633924002
-1.3231572038024493
-1.3660102197553345
-1.3660102197553348
-1.3231572038024493
-1.2447248633924004
-1.2827984717219019
-1.4115852846005548
-1.5119861004292294
-1.56744122037429
-1.56744122037429
-1.5119861004292292
-1.411585284600555
-1.2827984717219019
-1.244724683350455
-1.4115848728901021
-1.5674402148240771
-1.6907516428955467
-1.7595338584092892
-1.7595338584092892
-1.6907516428955467
-1.5674402148240771
-1.4115848728901021
-1.244724683350455
-1.3231576858230987
-1.511986447671907
-1.690751061268245
-1.8337959672844195
-1.9141944462076395
-1.9141944462076395
-1.8337959672844195
-1.6907510612682453
-1.511986447671907
-1.3231576858230987
-1.3660096000660582
-1.5674401781114977
-1.7595322249616583
-1.9141941152323418
-2.0014733456141656
-2.001473345614165
-1.9141941152323418
-1.7595322249616583
-1.5674401781114977
-1.3660096000660582
-1.3660096000660582
-1.5674401781114977
-1.7595322249616583
-1.914194115232342
-2.0014733456141656
-2.0014733456141656
-1.9141941152323418
-1.7595322249616583
-1.5674401781114977
-1.3660096000660582
-1.3231576858230987
-1.511986447671907
-1.690751061268245
-1.8337959672844195
-1.9141944462076395
-1.9141944462076395
-1.8337959672844193
-1.6907510612682453
-1.511986447671907
-1.3231576858230987
-1.244724683350455
-1.4115848728901024
-1.5674402148240771
-1.6907516428955467
-1.7595338584092892
-1.7595338584092892
-1.6907516428955467
-1.5674402148240771
-1.4115848728901024
-1.244724683350455
-1.2827984717219019
-1.411585284600555
-1.5119861004292294
-1.56744122037429
-1.56744122037429
-1.5119861004292292
-1.4115852846005548
-1.2827984717219019
-1.2447248633924002
-1.3231572038024493
-1.3660102197553345
-1.3660102197553348
-1.3231572038024495
-1.2447248633924002
-1.0854454228750494
-1.1558543057367294
-1.194419481863487
-1.194419481863487
-1.1558543057367294
-1.0854454228750496
-1.0227905591459105
-1.1558543498201304
-1.2793743333873793
-1.3765956429266604
-1.4306370786320246
-1.4306370786320246
-1.3765956429266604
-1.279374333387379
-1.1558543498201304
-1.0227905591459105
-1.1558544079767756
-1.3262955339509386
-1.4888356061615018
-1.619700902953014
-1.693553571616454
-1.693553571616454
-1.619700902953014
-1.4888356061615018
-1.3262955339509386
-1.1558544079767756
-1.0854452003875612
-1.2793721739782158
-1.488834990869962
-1.6935515734772586
-1.861798325644796
-1.9580450482261114
-1.9580450482261114
-1.861798325644796
-1.6935515734772586
-1.488834990869962
-1.2793721739782156
-1.0854452003875612
-1.1558546991448628
-1.376594431597709
-1.6196991666835903
-1.8617970939353992
-2.063851046702534
-2.180550250132689
-2.180550250132689
-2.0638510467025335
-1.861797093935399
-1.6196991666835903
-1.3765944315977092
-1.1558546991448628
-1.1944190133160508
-1.4306357299870995
-1.6935508928759588
-1.957662379580306
-2.1805485203847237
-2.309664361006784
-2.309664361006784
-2.1805485203847237
-1.957662379580306
-1.6935508928759588
-1.4306357299870998
-1.1944190133160508
-1.1944190133160508
-1.4306357299870995
-1.6935508928759588
-1.957662379580306
-2.1805485203847237
-2.3096643610067846
-2.3096643610067846
-2.1805485203847237
-1.957662379580306
-1.6935508928759588
-1.4306357299870998
-1.1944190133160508
-1.1558546991448628
-1.3765944315977092
-1.61969916668359
-1.8617970939353992
-2.0638510467025335
-2.180550250132689
-2.180550250132689
-2.063851046702534
-1.8617970939353992
-1.6196991666835903
-1.3765944315977092
-1.1558546991448628
-1.0854452003875614
-1.2793721739782158
-1.488834990869962
-1.6935515734772586
-1.8617983256447963
-1.9580450482261114
-1.9580450482261114
-1.8617983256447959
-1.6935515734772586
-1.488834990869962
-1.2793721739782158
-1.0854452003875614
-1.1558544079767756
-1.3262955339509386
-1.4888356061615018
-1.619700902953014
-1.693553571616454
-1.6935535716164543
-1.619700902953014
-1.4888356061615018
-1.3262955339509386
-1.1558544079767756
-1.0227905591459105
-1.1558543498201304
-1.2793743333873793
-1.3765956429266604
-1.4306370786320244
-1.4306370786320244
-1.3765956429266604
-1.2793743333873793
-1.1558543498201304
-1.0227905591459105
-1.0854454228750494
-1.1558543057367294
-1.194419481863487
-1.194419481863487
-1.1558543057367294
-1.0854454228750494
-0.8617330204950483
-0.9160329844665279
-0.9456995919110605
-0.9456995919110605
-0.9160329844665278
-0.8617330204950483
-0.8368282971600594
-0.9456990420292009
-1.0467609973228664
-1.1263058771155974
-1.1705210337525016
-1.1705210337525016
-1.1263058771155974
-1.0467609973228664
-0.9456990420292009
-0.8368282971600594
-0.8368280844368463
-0.9772515548152774
-1.1263049316023772
-1.2695516035342378
-1.385633821759756
-1.4514278428814071
-1.451427842881407
-1.385633821759756
-1.2695516035342378
-1.1263049316023772
-0.9772515548152775
-0.8368280844368462
-0.9456983688033185
-1.1263046800766374
-1.3252087661993501
-1.5232891382210378
-1.6886035704574818
-1.784085629684458
-1.7840856296844578
-1.6886035704574818
-1.5232891382210378
-1.3252087661993501
-1.1263046800766374
-0.9456983688033185
-0.8617321984280056
-1.0467609032674736
-1.2695502761723119
-1.5232879550816987
-1.784084603442772
-2.006907514800491
-2.137085058355023
-2.137085058355023
-2.006907514800491
-1.7840846034427718
-1.523287955081699
-1.2695502761723119
-1.0467609032674736
-0.8617321984280055
-0.916031726997568
-1.1263051005601605
-1.3856329888198857
-1.6886012593317903
-2.006904729735905
-2.281573315401022
-2.4410400076840797
-2.4410400076840792
-2.2815733154010225
-2.006904729735905
-1.6886012593317903
-1.3856329888198857
-1.1263051005601605
-0.9160317269975681
-0.9456980204812014
-1.1705204794164934
-1.451425525317978
-1.7840835682300191
-2.1370796595946717
-2.441036513231854
-2.613838692607993
-2.613838692607993
-2.441036513231854
-2.1370796595946717
-1.7840835682300191
-1.451425525317978
-1.1705204794164934
-0.9456980204812013
-0.9456980204812014
-1.1705204794164934
-1.4514255253179782
-1.784083568230019
-2.1370796595946717
-2.441036513231854
-2.613838692607993
-2.6138386926079926
-2.441036513231854
-2.1370796595946717
-1.7840835682300191
-1.451425525317978
-1.1705204794164934
-0.9456980204812013
-0.9160317269975681
-1.1263051005601605
-1.3856329888198857
-1.6886012593317903
-2.006904729735905
-2.281573315401022
-2.4410400076840797
-2.4410400076840797
-2.2815733154010225
-2.0069047297359046
-1.6886012593317903
-1.3856329888198857
-1.1263051005601605
-0.9160317269975681
-0.8617321984280056
-1.0467609032674736
-1.2695502761723119
-1.523287955081699
-1.784084603442772
-2.006907514800491
-2.1370850583550234
-2.137085058355023
-2.006907514800491
-1.784084603442772
-1.5232879550816987
-1.2695502761723119
-1.0467609032674736
-0.8617321984280055
-0.9456983688033186
-1.1263046800766374
-1.3252087661993501
-1.5232891382210378
-1.6886035704574818
-1.784085629684458
-1.784085629684458
-1.6886035704574818
-1.5232891382210378
-1.3252087661993501
-1.1263046800766374
-0.9456983688033185
-0.8368280844368462
-0.9772515548152775
-1.1263049316023772
-1.2695516035342378
-1.385633821759756
-1.451427842881407
-1.451427842881407
-1.385633821759756
-1.269551603534238
-1.1263049316023772
-0.9772515548152776
-0.8368280844368462
-0.8368282971600594
-0.9456990420292009
-1.0467609973228662
-1.1263058771155972
-1.1705210337525016
-1.1705210337525016
-1.1263058771155974
-1.0467609973228664
-0.9456990420292009
-0.8368282971600594
-0.8617330204950483
-0.9160329844665279
-0.9456995919110605
-0.9456995919110605
-0.9160329844665278
-0.8617330204950483
-0.6508671617594257
-0.6702373074716086
-0.6702373074716086
-0.6508671617594257
-0.6907379677410039
-0.7600842399646875
-0.8141478044985562
-0.8440075011606417
-0.8440075011606417
-0.8141478044985562
-0.7600842399646874
-0.6907379677410039
-0.7355434505172613
-0.8440063956990456
-0.9474413106996307
-1.0307240913405167
-1.0777163148655289
-1.0777163148655289
-1.0307240913405167
-0.9474413106996307
-0.8440063956990457
-0.7355434505172613
-0.7355432404122015
-0.876014723442293
-1.0307183519884764
-1.1847804775346449
-1.3133586820413412
-1.3876236809589733
-1.387623680958973
-1.3133586820413414
-1.1847804775346449
-1.0307183519884764
-0.876014723442293
-0.7355432404122015
-0.6907372308513917
-0.8440058758186577
-1.0307178244697495
-1.2460248672916396
-1.4697862077628479
-1.662174224283878
-1.7745616919169382
-1.7745616919169382
-1.662174224283878
-1.4697862077628479
-1.2460248672916396
-1.0307178244697495
-0.8440058758186577
-0.6907372308513917
-0.7600838382831296
-0.9474400409898179
-1.1847794496605006
-1.469784870999117
-1.7745579864468786
-2.0329849148562915
-2.1703281816614335
-2.1703281816614335
-2.0329849148562915
-1.7745579864468783
-1.469784870999117
-1.1847794496605006
-0.9474400409898179
-0.7600838382831295
-0.650866270689314
-0.8141463489951307
-1.030718379249062
-1.313356938599434
-1.662171926005446
-2.032982679348733
-2.2701508532063994
-2.3252908501834724
-2.325290850183472
-2.2701508532064003
-2.032982679348733
-1.662171926005446
-1.3133569385994341
-1.030718379249062
-0.8141463489951307
-0.650866270689314
-0.6702363524508174
-0.8440058411499094
-1.077716761828516
-1.3876221363458041
-1.7745586354364846
-2.170324423239087
-2.325295067800071
-2.3484527107426465
-2.3484527107426465
-2.325295067800071
-2.170324423239087
-1.7745586354364844
-1.387622136345804
-1.077716761828516
-0.8440058411499093
-0.6702363524508173
-0.6702363524508174
-0.8440058411499094
-1.0777167618285157
-1.3876221363458041
-1.7745586354364846
-2.170324423239087
-2.3252950678000706
-2.3484527107426465
-2.3484527107426465
-2.3252950678000706
-2.170324423239087
-1.7745586354364846
-1.3876221363458041
-1.0777167618285157
-0.8440058411499093
-0.6702363524508174
-0.650866270689314
-0.8141463489951307
-1.0307183792490622
-1.313356938599434
-1.662171926005446
-2.032982679348733
-2.270150853206399
-2.325290850183472
-2.325290850183472
-2.2701508532064
-2.032982679348733
-1.662171926005446
-1.3133569385994341
-1.0307183792490622
-0.8141463489951307
-0.650866270689314
-0.7600838382831296
-0.9474400409898179
-1.1847794496605006
-1.469784870999117
-1.7745579864468786
-2.0329849148562915
-2.1703281816614335
-2.1703281816614335
-2.0329849148562915
-1.7745579864468786
-1.469784870999117
-1.1847794496605006
-0.9474400409898179
-0.7600838382831296
-0.6907372308513916
-0.8440058758186577
-1.0307178244697495
-1.2460248672916396
-1.4697862077628476
-1.6621742242838782
-1.7745616919169385
-1.7745616919169382
-1.6621742242838782
-1.4697862077628476
-1.2460248672916396
-1.0307178244697495
-0.8440058758186577
-0.6907372308513916
-0.7355432404122015
-0.876014723442293
-1.0307183519884764
-1.1847804775346449
-1.3133586820413414
-1.3876236809589733
-1.3876236809589733
-1.3133586820413414
-1.184780477534645
-1.0307183519884764
-0.8760147234422929
-0.7355432404122015
-0.7355434505172613
-0.8440063956990456
-0.9474413106996309
-1.0307240913405167
-1.0777163148655289
-1.0777163148655289
-1.0307240913405167
-0.9474413106996308
-0.8440063956990457
-0.7355434505172613
-0.6907379677410039
-0.7600842399646874
-0.8141478044985562
-0.8440075011606418
-0.8440075011606417
-0.8141478044985561
-0.7600842399646875
-0.6907379677410038
-0.6508671617594257
-0.6702373074716086
-0.6702373074716086
-0.6508671617594257
-0.4787399530201398
-0.508906547198145
-0.525388166543126
-0.525388166543126
-0.508906547198145
-0.4787399530201397
-0.47873979383533904
-0.5429169186447091
-0.6028613268521235
-0.6502888655910539
-0.6767435980609149
-0.6767435980609149
-0.6502888655910539
-0.6028613268521235
-0.5429169186447093
-0.47873979383533904
-0.49338337745584687
-0.5815327027126285
-0.6767427639251009
-0.7697957745108132
-0.8462715368885889
-0.890018576964501
-0.890018576964501
-0.8462715368885888
-0.7697957745108132
-0.6767427639251009
-0.5815327027126285
-0.49338337745584687
-0.47873992214434635
-0.5815327615309085
-0.7053051066899428
-0.8462707897961781
-0.9911539568943238
-1.1149459292991069
-1.1872667906580865
-1.1872667906580865
-1.1149459292991069
-0.991153956894324
-0.8462707897961781
-0.7053051066899427
-0.5815327615309084
-0.47873992214434635
-0.542916903068601
-0.6767424129469011
-0.8462709747774306
-1.0498449318829366
-1.267541569019654
-1.452131924371596
-1.5502275895037512
-1.550227589503751
-1.4521319243715958
-1.267541569019654
-1.0498449318829366
-0.8462709747774306
-0.6767424129469011
-0.542916903068601
-0.47873988782867327
-0.6028610006125283
-0.7697948400674957
-0.991158746603882
-1.2675403540331687
-1.5502277489670215
-1.6609142854149122
-1.6774590052837643
-1.6774590052837643
-1.6609142854149122
-1.5502277489670218
-1.267540354033169
-0.991158746603882
-0.7697948400674958
-0.6028610006125282
-0.47873988782867327
-0.5089063947443427
-0.6502882463306154
-0.8462706395845585
-1.1149456483949254
-1.4521318263595955
-1.6609280124021577
-1.6675480092132444
-1.620761057824548
-1.6207610578245477
-1.6675480092132442
-1.6609280124021575
-1.4521318263595955
-1.1149456483949254
-0.8462706395845587
-0.6502882463306155
-0.5089063947443427
-0.5253879961584569
-0.6767430535369406
-0.890016476629759
-1.187264411911168
-1.5502286224368405
-1.6774512541368538
-1.6207664417806125
-1.515795522987975
-1.515795522987975
-1.6207664417806122
-1.6774512541368543
-1.5502286224368402
-1.187264411911168
-0.8900164766297589
-0.6767430535369405
-0.5253879961584569
-0.5253879961584569
-0.6767430535369405
-0.890016476629759
-1.187264411911168
-1.5502286224368402
-1.6774512541368545
-1.6207664417806125
-1.515795522987975
-1.515795522987975
-1.6207664417806125
-1.6774512541368554
-1.5502286224368405
-1.187264411911168
-0.890016476629759
-0.6767430535369405
-0.5253879961584569
-0.5089063947443427
-0.6502882463306154
-0.8462706395845585
-1.1149456483949254
-1.4521318263595955
-1.6609280124021573
-1.6675480092132446
-1.6207610578245482
-1.6207610578245482
-1.6675480092132449
-1.6609280124021577
-1.4521318263595957
-1.1149456483949254
-0.8462706395845585
-0.6502882463306154
-0.5089063947443427
-0.47873988782867327
-0.6028610006125282
-0.7697948400674958
-0.991158746603882
-1.267540354033169
-1.5502277489670218
-1.660914285414912
-1.6774590052837646
-1.6774590052837643
-1.660914285414912
-1.5502277489670215
-1.267540354033169
-0.991158746603882
-0.7697948400674958
-0.6028610006125283
-0.47873988782867327
-0.542916903068601
-0.6767424129469011
-0.8462709747774305
-1.0498449318829368
-1.267541569019654
-1.452131924371596
-1.5502275895037512
-1.5502275895037512
-1.452131924371596
-1.267541569019654
-1.0498449318829368
-0.8462709747774305
-0.6767424129469011
-0.542916903068601
-0.4787399221443464
-0.5815327615309084
-0.7053051066899428
-0.8462707897961781
-0.991153956894324
-1.114945929299107
-1.1872667906580865
-1.1872667906580865
-1.1149459292991066
-0.991153956894324
-0.8462707897961781
-0.7053051066899428
-0.5815327615309085
-0.47873992214434635
-0.4933833774558468
-0.5815327027126285
-0.6767427639251009
-0.7697957745108132
-0.8462715368885889
-0.890018576964501
-0.890018576964501
-0.8462715368885889
-0.7697957745108133
-0.6767427639251009
-0.5815327027126285
-0.4933833774558468
-0.47873979383533904
-0.5429169186447093
-0.6028613268521235
-0.6502888655910539
-0.6767435980609149
-0.6767435980609149
-0.6502888655910538
-0.6028613268521235
-0.5429169186447093
-0.47873979383533904
-0.4787399530201398
-0.508906547198145
-0.525388166543126
-0.525388166543126
-0.5089065471981449
-0.47873995302013983
-0.2789422289112927
-0.30534336717757204
-0.3257496680021826
-0.3369560672965608
-0.33695606729656075
-0.3257496680021825
-0.3053433671775721
-0.27894222891129267
-0.3053435302220865
-0.34891940141332833
-0.39017250914967605
-0.42318258211108456
-0.4417355070287884
-0.4417355070287884
-0.4231825821110845
-0.3901725091496761
-0.34891940141332833
-0.3053435302220865
-0.31523241401472557
-0.3754342275950618
-0.44173536324689333
-0.5077615782426348
-0.562865641794416
-0.5946936422532354
-0.5946936422532354
-0.562865641794416
-0.5077615782426348
-0.44173536324689333
-0.3754342275950618
-0.31523241401472557
-0.30534347618051
-0.3754343291636288
-0.4618768748817579
-0.5628659269752732
-0.6689661087549219
-0.7605234270997714
-0.81367613576384
-0.81367613576384
-0.7605234270997714
-0.6689661087549218
-0.5628659269752732
-0.4618768748817578
-0.3754343291636288
-0.30534347618051
-0.27894217815870004
-0.3489195232271535
-0.4417358234757436
-0.5628657840983555
-0.71235804944139
-0.8712825851054408
-0.9729144418819115
-0.996543345999471
-0.996543345999471
-0.9729144418819119
-0.8712825851054409
-0.7123580494413899
-0.5628657840983555
-0.4417358234757436
-0.3489195232271535
-0.27894217815870004
-0.3053434903569143
-0.39017281063194736
-0.507761580122601
-0.668966756709448
-0.8712760375247885
-0.9965534616705389
-1.0005285721284938
-0.9724489788382502
-0.9724489788382502
-1.0005285721284933
-0.9965534616705392
-0.8712760375247884
-0.668966756709448
-0.507761580122601
-0.39017281063194736
-0.30534349035691427
-0.3257499406887452
-0.4231830609367059
-0.5628659658246393
-0.7605241053084171
-0.9729200468674047
-1.000532031984227
-0.9094767209545693
-0.7928469623043124
-0.7928469623043124
-0.9094767209545693
-1.0005320319842272
-0.9729200468674051
-0.760524105308417
-0.5628659658246393
-0.42318306093670593
-0.3257499406887452
-0.33695639724135307
-0.4417357564125456
-0.5946937126514624
-0.8136778772820885
-0.9965594514805758
-0.972454583758249
-0.7928453981794992
-0.7108689510258817
-0.7108689510258818
-0.7928453981794994
-0.9724545837582496
-0.9965594514805741
-0.8136778772820885
-0.5946937126514624
-0.4417357564125456
-0.336956397241353
-0.33695639724135307
-0.4417357564125456
-0.5946937126514624
-0.8136778772820886
-0.9965594514805749
-0.9724545837582491
-0.7928453981794992
-0.7108689510258817
-0.7108689510258815
-0.7928453981794994
-0.97245458375825
-0.9965594514805751
-0.8136778772820886
-0.5946937126514624
-0.44173575641254553
-0.33695639724135307
-0.32574994068874513
-0.423183060936706
-0.5628659658246393
-0.7605241053084171
-0.9729200468674023
-1.0005320319842257
-0.9094767209545693
-0.7928469623043123
-0.7928469623043124
-0.9094767209545696
-1.0005320319842261
-0.9729200468674026
-0.7605241053084171
-0.5628659658246393
-0.42318306093670593
-0.32574994068874513
-0.30534349035691427
-0.39017281063194736
-0.507761580122601
-0.668966756709448
-0.8712760375247884
-0.9965534616705395
-1.0005285721284938
-0.9724489788382502
-0.9724489788382502
-1.0005285721284936
-0.99655346167054
-0.8712760375247884
-0.6689667567094479
-0.507761580122601
-0.39017281063194736
-0.30534349035691427
-0.27894217815870015
-0.34891952322715347
-0.44173582347574364
-0.5628657840983555
-0.7123580494413899
-0.8712825851054408
-0.9729144418819113
-0.9965433459994713
-0.9965433459994711
-0.9729144418819118
-0.8712825851054408
-0.7123580494413899
-0.5628657840983555
-0.4417358234757436
-0.3489195232271535
-0.27894217815870004
-0.30534347618051
-0.37543432916362884
-0.4618768748817578
-0.5628659269752732
-0.6689661087549219
-0.7605234270997713
-0.81367613576384
-0.81367613576384
-0.7605234270997712
-0.6689661087549219
-0.5628659269752732
-0.46187687488175777
-0.3754343291636288
-0.30534347618051
-0.31523241401472557
-0.37543422759506184
-0.44173536324689333
-0.5077615782426348
-0.562865641794416
-0.5946936422532354
-0.5946936422532354
-0.562865641794416
-0.5077615782426348
-0.44173536324689333
-0.37543422759506184
-0.31523241401472557
-0.3053435302220865
-0.34891940141332833
-0.39017250914967605
-0.42318258211108456
-0.4417355070287884
-0.4417355070287884
-0.42318258211108456
-0.39017250914967605
-0.34891940141332833
-0.3053435302220865
-0.2789422289112927
-0.3053433671775721
-0.3257496680021825
-0.3369560672965608
-0.33695606729656075
-0.3257496680021826
-0.3053433671775721
-0.2789422289112927
-0.09574794914655367
-0.10507747041702681
-0.11231875832288471
-0.11630650999037422
-0.11630650999037426
-0.1123187583228847
-0.10507747041702682
-0.09574794914655367
-0.10507732915191081
-0.1205722139550401
-0.13534850640122864
-0.1472452987584807
-0.15395908688657872
-0.15395908688657875
-0.1472452987584807
-0.13534850640122864
-0.12057221395504011
-0.1050773291519108
-0.10858318936005615
-0.13005764105307444
-0.15395902935239003
-0.17800339709514795
-0.19823136637026834
-0.2099691141019368
-0.2099691141019368
-0.19823136637026834
-0.17800339709514795
-0.15395902935239
-0.1300576410530744
-0.10858318936005618
-0.105077421938106
-0.1300574502529851
-0.16126912051896833
-0.19823083483078596
-0.23745269756128512
-0.2712254500716932
-0.29042565494617856
-0.29042565494617856
-0.2712254500716932
-0.23745269756128506
-0.1982308348307859
-0.16126912051896833
-0.13005745025298507
-0.105077421938106
-0.09574785105420697
-0.1205719011793181
-0.15395880941903609
-0.19823122100920604
-0.2535081058992746
-0.31004554206009033
-0.3321873446219697
-0.3354908444295984
-0.3354908444295983
-0.33218734462196914
-0.31004554206009033
-0.2535081058992746
-0.19823122100920607
-0.15395880941903606
-0.12057190117931807
-0.09574785105420695
-0.10507731880653774
-0.13534824286851238
-0.1780032303280377
-0.23745263791716573
-0.3100456912807383
-0.33549118661190536
-0.32415686674858024
-0.3031573347467841
-0.30315733474678397
-0.3241568667485802
-0.3354911866119011
-0.3100456912807383
-0.23745263791716575
-0.17800323032803764
-0.13534824286851238
-0.10507731880653776
-0.1123185416178582
-0.14724505699768461
-0.19823116509981292
-0.2712255603498905
-0.33218468904346843
-0.3241526034585494
-0.26428323909099594
-0.23695591490360224
-0.23695591490360207
-0.2642832390909958
-0.3241526034585498
-0.3321846890434671
-0.27122556034989054
-0.1982311650998129
-0.14724505699768461
-0.11231854161785823
-0.11630622964933832
-0.15395900472257024
-0.20996854386662503
-0.2904259381730584
-0.3354919330472024
-0.3031550529345018
-0.23695611402201372
-0.22105104472133325
-0.22105104472133308
-0.23695611402201394
-0.30315505293450146
-0.33549193304720154
-0.29042593817305845
-0.20996854386662506
-0.1539590047225702
-0.11630622964933829
-0.1163062296493383
-0.1539590047225703
-0.20996854386662506
-0.2904259381730585
-0.33549193304720354
-0.3031550529345015
-0.23695611402201378
-0.22105104472133325
-0.22105104472133325
-0.23695611402201394
-0.30315505293450157
-0.33549193304720304
-0.2904259381730585
-0.20996854386662503
-0.1539590047225703
-0.11630622964933832
-0.1123185416178582
-0.14724505699768461
-0.19823116509981287
-0.2712255603498904
-0.33218468904346965
-0.3241526034585497
-0.26428323909099605
-0.23695591490360196
-0.23695591490360213
-0.2642832390909956
-0.3241526034585503
-0.33218468904346843
-0.2712255603498904
-0.19823116509981292
-0.14724505699768461
-0.1123185416178582
-0.10507731880653776
-0.13534824286851235
-0.17800323032803766
-0.23745263791716573
-0.31004569128073833
-0.3354911866119046
-0.3241568667485806
-0.30315733474678486
-0.30315733474678486
-0.32415686674858046
-0.33549118661190025
-0.31004569128073833
-0.23745263791716578
-0.17800323032803764
-0.13534824286851235
-0.10507731880653776
-0.09574785105420697
-0.12057190117931807
-0.15395880941903609
-0.198231221009206
-0.2535081058992745
-0.3100455420600904
-0.3321873446219707
-0.33549084442959953
-0.33549084442959964
-0.3321873446219707
-0.3100455420600904
-0.25350810589927464
-0.1982312210092061
-0.15395880941903609
-0.1205719011793181
-0.09574785105420697
-0.10507742193810601
-0.1300574502529851
-0.16126912051896838
-0.1982308348307859
-0.23745269756128506
-0.2712254500716932
-0.2904256549461786
-0.29042565494617856
-0.27122545007169313
-0.23745269756128506
-0.1982308348307859
-0.16126912051896838
-0.13005745025298507
-0.10507742193810599
-0.10858318936005616
-0.1300576410530744
-0.15395902935239
-0.17800339709514795
-0.1982313663702683
-0.2099691141019368
-0.20996911410193686
-0.1982313663702684
-0.17800339709514795
-0.15395902935239003
-0.13005764105307444
-0.10858318936005613
-0.10507732915191081
-0.12057221395504013
-0.13534850640122864
-0.1472452987584807
-0.15395908688657875
-0.15395908688657878
-0.14724529875848072
-0.13534850640122864
-0.12057221395504006
-0.10507732915191081
-0.09574794914655368
-0.10507747041702681
-0.11231875832288471
-0.11630650999037423
-0.11630650999037426
-0.11231875832288471
-0.1050774704170268
-0.09574794914655368
0.09574794914655367
0.1050774704170268
0.11231875832288468
0.11630650999037424
0.11630650999037428
0.11231875832288471
0.10507747041702678
0.09574794914655368
0.1050773291519108
0.12057221395504009
0.13534850640122864
0.14724529875848075
0.15395908688657872
0.15395908688657872
0.14724529875848066
0.13534850640122864
0.12057221395504009
0.10507732915191081
0.10858318936005616
0.13005764105307438
0.15395902935239006
0.17800339709514795
0.19823136637026834
0.20996911410193678
0.20996911410193686
0.19823136637026842
0.178003397095148
0.15395902935239003
0.13005764105307444
0.10858318936005618
0.10507742193810601
0.13005745025298504
0.16126912051896833
0.1982308348307859
0.23745269756128512
0.2712254500716932
0.29042565494617867
0.2904256549461787
0.27122545007169324
0.23745269756128506
0.19823083483078585
0.16126912051896836
0.13005745025298507
0.105077421938106
0.09574785105420695
0.12057190117931807
0.15395880941903614
0.19823122100920604
0.2535081058992746
0.3100455420600905
0.3321873446219694
0.33549084442959903
0.3354908444295989
0.33218734462196897
0.3100455420600905
0.2535081058992745
0.19823122100920607
0.15395880941903609
0.1205719011793181
0.09574785105420697
0.10507731880653773
0.13534824286851238
0.17800323032803766
0.2374526379171659
0.3100456912807384
0.3354911866119061
0.3241568667485798
0.3031573347467844
0.3031573347467844
0.3241568667485799
0.3354911866119017
0.3100456912807384
0.23745263791716575
0.17800323032803766
0.13534824286851233
0.1050773188065377
0.11231854161785818
0.14724505699768461
0.1982311650998129
0.27122556034989054
0.33218468904346826
0.3241526034585492
0.26428323909099605
0.23695591490360224
0.23695591490360213
0.26428323909099594
0.3241526034585496
0.3321846890434669
0.2712255603498906
0.19823116509981295
0.14724505699768467
0.11231854161785823
0.11630622964933832
0.15395900472257032
0.20996854386662506
0.2904259381730585
0.3354919330472028
0.30315505293450185
0.23695611402201378
0.2210510447213332
0.2210510447213332
0.2369561140220139
0.30315505293450185
0.33549193304720254
0.2904259381730586
0.20996854386662506
0.15395900472257026
0.11630622964933833
0.11630622964933833
0.1539590047225703
0.20996854386662503
0.2904259381730584
0.33549193304720387
0.3031550529345015
0.2369561140220139
0.2210510447213332
0.2210510447213332
0.236956114022014
0.3031550529345016
0.33549193304720354
0.29042593817305856
0.20996854386662495
0.1539590047225703
0.1163062296493383
0.11231854161785822
0.14724505699768464
0.19823116509981298
0.27122556034989054
0.33218468904347
0.32415260345854974
0.26428323909099627
0.23695591490360202
0.23695591490360202
0.26428323909099594
0.3241526034585501
0.33218468904346843
0.2712255603498905
0.19823116509981292
0.14724505699768464
0.1123185416178582
0.10507731880653771
0.13534824286851238
0.17800323032803766
0.2374526379171658
0.31004569128073844
0.33549118661190536
0.3241568667485803
0.30315733474678486
0.3031573347467851
0.32415686674858013
0.3354911866119009
0.31004569128073833
0.2374526379171658
0.1780032303280377
0.13534824286851238
0.10507731880653771
0.09574785105420695
0.12057190117931813
0.1539588094190361
0.19823122100920607
0.25350810589927464
0.31004554206009044
0.3321873446219705
0.33549084442960003
0.3354908444296
0.3321873446219705
0.3100455420600905
0.2535081058992746
0.19823122100920604
0.15395880941903609
0.12057190117931813
0.09574785105420695
0.10507742193810601
0.13005745025298504
0.16126912051896836
0.1982308348307859
0.23745269756128512
0.2712254500716933
0.29042565494617867
0.29042565494617867
0.27122545007169313
0.23745269756128512
0.19823083483078585
0.16126912051896836
0.13005745025298504
0.10507742193810601
0.10858318936005615
0.13005764105307444
0.15395902935238998
0.17800339709514798
0.1982313663702684
0.2099691141019369
0.20996911410193683
0.19823136637026836
0.17800339709514795
0.15395902935239003
0.13005764105307444
0.10858318936005613
0.10507732915191079
0.12057221395504009
0.13534850640122859
0.1472452987584807
0.15395908688657878
0.15395908688657875
0.1472452987584807
0.13534850640122859
0.1205722139550401
0.10507732915191081
0.09574794914655367
0.10507747041702681
0.1123187583228847
0.11630650999037426
0.11630650999037424
0.11231875832288471
0.10507747041702678
0.09574794914655368
0.2789422289112927
0.3053433671775721
0.3257496680021826
0.3369560672965608
0.33695606729656075
0.3257496680021825
0.30534336717757204
0.2789422289112927
0.3053435302220865
0.34891940141332833
0.39017250914967605
0.4231825821110845
0.44173550702878844
0.4417355070287884
0.4231825821110845
0.39017250914967605
0.34891940141332833
0.30534353022208643
0.31523241401472557
0.37543422759506184
0.44173536324689333
0.5077615782426348
0.562865641794416
0.5946936422532354
0.5946936422532354
0.562865641794416
0.5077615782426348
0.44173536324689333
0.37543422759506173
0.31523241401472557
0.30534347618051
0.3754343291636288
0.4618768748817578
0.5628659269752732
0.6689661087549219
0.7605234270997713
0.81367613576384
0.81367613576384
0.7605234270997713
0.6689661087549219
0.5628659269752732
0.46187687488175777
0.37543432916362884
0.30534347618051
0.2789421781587001
0.3489195232271535
0.44173582347574364
0.5628657840983555
0.7123580494413899
0.8712825851054407
0.9729144418819118
0.9965433459994713
0.9965433459994715
0.9729144418819123
0.8712825851054408
0.7123580494413899
0.5628657840983555
0.44173582347574364
0.34891952322715347
0.2789421781587001
0.30534349035691427
0.3901728106319474
0.5077615801226011
0.6689667567094479
0.8712760375247885
0.9965534616705393
1.000528572128494
0.9724489788382502
0.9724489788382502
1.0005285721284936
0.9965534616705396
0.8712760375247885
0.6689667567094479
0.5077615801226011
0.3901728106319474
0.30534349035691427
0.3257499406887452
0.42318306093670605
0.5628659658246393
0.760524105308417
0.9729200468674046
1.000532031984227
0.9094767209545692
0.7928469623043124
0.7928469623043124
0.9094767209545691
1.000532031984227
0.9729200468674051
0.760524105308417
0.5628659658246393
0.42318306093670593
0.3257499406887452
0.33695639724135307
0.4417357564125456
0.5946937126514624
0.8136778772820884
0.996559451480576
0.9724545837582492
0.7928453981794994
0.7108689510258817
0.7108689510258818
0.7928453981794996
0.9724545837582498
0.9965594514805743
0.8136778772820886
0.5946937126514624
0.4417357564125456
0.336956397241353
0.33695639724135307
0.44173575641254564
0.5946937126514624
0.8136778772820885
0.9965594514805748
0.9724545837582496
0.7928453981794994
0.7108689510258817
0.7108689510258817
0.7928453981794996
0.97245458375825
0.9965594514805752
0.8136778772820885
0.5946937126514624
0.4417357564125456
0.33695639724135307
0.3257499406887452
0.42318306093670593
0.5628659658246393
0.760524105308417
0.9729200468674027
1.000532031984226
0.9094767209545693
0.7928469623043124
0.7928469623043123
0.9094767209545696
1.0005320319842266
0.972920046867403
0.7605241053084171
0.5628659658246393
0.4231830609367059
0.3257499406887452
0.3053434903569142
0.39017281063194736
0.507761580122601
0.6689667567094479
0.8712760375247884
0.9965534616705398
1.000528572128494
0.9724489788382501
0.9724489788382502
1.000528572128494
0.9965534616705403
0.8712760375247883
0.6689667567094479
0.5077615801226011
0.3901728106319473
0.3053434903569142
0.27894217815870004
0.34891952322715347
0.44173582347574364
0.5628657840983555
0.7123580494413899
0.8712825851054407
0.9729144418819116
0.9965433459994714
0.9965433459994714
0.9729144418819119
0.8712825851054408
0.71235804944139
0.5628657840983555
0.4417358234757437
0.34891952322715347
0.2789421781587001
0.30534347618051005
0.37543432916362884
0.4618768748817578
0.5628659269752732
0.6689661087549219
0.7605234270997712
0.81367613576384
0.81367613576384
0.7605234270997714
0.6689661087549219
0.5628659269752732
0.4618768748817579
0.37543432916362884
0.30534347618051
0.3152324140147256
0.37543422759506184
0.4417353632468933
0.5077615782426348
0.5628656417944159
0.5946936422532354
0.5946936422532354
0.562865641794416
0.5077615782426347
0.4417353632468934
0.37543422759506184
0.3152324140147256
0.3053435302220865
0.34891940141332833
0.39017250914967605
0.4231825821110845
0.4417355070287884
0.4417355070287884
0.4231825821110845
0.3901725091496761
0.34891940141332833
0.3053435302220865
0.2789422289112927
0.3053433671775721
0.3257496680021826
0.3369560672965608
0.3369560672965608
0.3257496680021826
0.30534336717757204
0.2789422289112927
0.4787399530201398
0.508906547198145
0.525388166543126
0.525388166543126
0.508906547198145
0.4787399530201398
0.47873979383533904
0.5429169186447093
0.6028613268521235
0.6502888655910538
0.6767435980609149
0.6767435980609149
0.6502888655910538
0.6028613268521235
0.5429169186447093
0.4787397938353391
0.49338337745584687
0.5815327027126285
0.6767427639251009
0.7697957745108133
0.8462715368885889
0.890018576964501
0.890018576964501
0.8462715368885889
0.7697957745108133
0.6767427639251009
0.5815327027126285
0.4933833774558469
0.47873992214434635
0.5815327615309085
0.7053051066899428
0.8462707897961781
0.991153956894324
1.1149459292991069
1.1872667906580865
1.1872667906580865
1.1149459292991069
0.991153956894324
0.8462707897961781
0.7053051066899428
0.5815327615309084
0.47873992214434635
0.542916903068601
0.6767424129469011
0.8462709747774306
1.0498449318829368
1.2675415690196539
1.4521319243715962
1.5502275895037514
1.5502275895037512
1.452131924371596
1.267541569019654
1.0498449318829366
0.8462709747774305
0.6767424129469011
0.5429169030686009
0.47873988782867327
0.6028610006125282
0.7697948400674958
0.9911587466038821
1.267540354033169
1.5502277489670215
1.6609142854149117
1.6774590052837648
1.6774590052837648
1.6609142854149117
1.5502277489670215
1.2675403540331687
0.9911587466038823
0.7697948400674958
0.6028610006125282
0.47873988782867327
0.5089063947443427
0.6502882463306154
0.8462706395845586
1.1149456483949254
1.4521318263595955
1.6609280124021575
1.6675480092132442
1.6207610578245477
1.6207610578245477
1.6675480092132442
1.6609280124021577
1.4521318263595955
1.1149456483949254
0.8462706395845586
0.6502882463306154
0.5089063947443427
0.525387996158457
0.6767430535369405
0.8900164766297589
1.187264411911168
1.5502286224368405
1.6774512541368538
1.6207664417806125
1.5157955229879754
1.5157955229879754
1.6207664417806122
1.6774512541368545
1.5502286224368402
1.187264411911168
0.890016476629759
0.6767430535369405
0.525387996158457
0.5253879961584569
0.6767430535369406
0.890016476629759
1.187264411911168
1.5502286224368405
1.677451254136855
1.6207664417806125
1.5157955229879752
1.5157955229879754
1.6207664417806122
1.6774512541368556
1.5502286224368405
1.187264411911168
0.8900164766297591
0.6767430535369406
0.525387996158457
0.5089063947443427
0.6502882463306154
0.8462706395845585
1.1149456483949252
1.4521318263595955
1.6609280124021573
1.6675480092132446
1.6207610578245484
1.6207610578245484
1.6675480092132449
1.6609280124021577
1.4521318263595955
1.1149456483949252
0.8462706395845586
0.6502882463306154
0.5089063947443427
0.4787398878286732
0.6028610006125283
0.7697948400674959
0.9911587466038823
1.2675403540331687
1.5502277489670215
1.6609142854149117
1.6774590052837648
1.6774590052837646
1.6609142854149115
1.5502277489670215
1.2675403540331687
0.9911587466038821
0.7697948400674958
0.6028610006125282
0.47873988782867327
0.542916903068601
0.676742412946901
0.8462709747774305
1.0498449318829366
1.267541569019654
1.4521319243715962
1.5502275895037512
1.5502275895037512
1.452131924371596
1.267541569019654
1.0498449318829368
0.8462709747774305
0.6767424129469011
0.542916903068601
0.47873992214434635
0.5815327615309085
0.7053051066899428
0.8462707897961781
0.991153956894324
1.1149459292991069
1.1872667906580865
1.1872667906580865
1.1149459292991069
0.9911539568943241
0.8462707897961781
0.7053051066899428
0.5815327615309085
0.47873992214434635
0.49338337745584687
0.5815327027126286
0.676742763925101
0.7697957745108133
0.8462715368885889
0.890018576964501
0.890018576964501
0.8462715368885889
0.7697957745108133
0.676742763925101
0.5815327027126286
0.4933833774558469
0.4787397938353391
0.5429169186447093
0.6028613268521235
0.6502888655910538
0.6767435980609149
0.6767435980609149
0.6502888655910538
0.6028613268521235
0.5429169186447091
0.4787397938353391
0.4787399530201398
0.508906547198145
0.525388166543126
0.525388166543126
0.508906547198145
0.4787399530201398
0.6508671617594257
0.6702373074716086
0.6702373074716086
0.6508671617594257
0.6907379677410039
0.7600842399646877
0.8141478044985561
0.8440075011606417
0.8440075011606417
0.8141478044985562
0.7600842399646875
0.6907379677410039
0.7355434505172613
0.8440063956990456
0.9474413106996308
1.0307240913405167
1.0777163148655289
1.0777163148655289
1.0307240913405167
0.9474413106996307
0.8440063956990456
0.7355434505172613
0.7355432404122015
0.876014723442293
1.0307183519884764
1.1847804775346449
1.3133586820413414
1.3876236809589733
1.3876236809589733
1.3133586820413414
1.1847804775346449
1.0307183519884764
0.876014723442293
0.7355432404122014
0.6907372308513916
0.8440058758186576
1.0307178244697495
1.2460248672916396
1.4697862077628479
1.662174224283878
1.7745616919169385
1.7745616919169385
1.6621742242838782
1.4697862077628479
1.2460248672916396
1.0307178244697495
0.8440058758186576
0.6907372308513916
0.7600838382831296
0.9474400409898179
1.1847794496605006
1.469784870999117
1.7745579864468786
2.0329849148562915
2.1703281816614335
2.1703281816614335
2.0329849148562915
1.7745579864468786
1.469784870999117
1.1847794496605006
0.9474400409898179
0.7600838382831296
0.650866270689314
0.8141463489951306
1.0307183792490622
1.313356938599434
1.662171926005446
2.0329826793487333
2.270150853206398
2.325290850183472
2.325290850183472
2.2701508532063994
2.032982679348733
1.662171926005446
1.3133569385994341
1.030718379249062
0.8141463489951306
0.650866270689314
0.6702363524508173
0.8440058411499094
1.0777167618285157
1.3876221363458041
1.7745586354364846
2.170324423239087
2.325295067800069
2.348452710742646
2.348452710742646
2.325295067800069
2.170324423239087
1.7745586354364844
1.3876221363458041
1.0777167618285157
0.8440058411499094
0.6702363524508174
0.6702363524508174
0.8440058411499094
1.0777167618285157
1.387622136345804
1.7745586354364846
2.170324423239087
2.3252950678000683
2.348452710742646
2.348452710742646
2.3252950678000683
2.1703244232390873
1.7745586354364846
1.387622136345804
1.0777167618285157
0.8440058411499094
0.6702363524508174
0.650866270689314
0.8141463489951307
1.030718379249062
1.313356938599434
1.662171926005446
2.032982679348733
2.270150853206398
2.325290850183472
2.325290850183472
2.2701508532063994
2.032982679348733
1.662171926005446
1.313356938599434
1.030718379249062
0.8141463489951306
0.650866270689314
0.7600838382831296
0.9474400409898179
1.1847794496605006
1.469784870999117
1.7745579864468786
2.0329849148562915
2.1703281816614335
2.1703281816614335
2.0329849148562915
1.7745579864468786
1.469784870999117
1.1847794496605006
0.9474400409898179
0.7600838382831296
0.6907372308513916
0.8440058758186576
1.0307178244697495
1.2460248672916399
1.4697862077628479
1.662174224283878
1.7745616919169382
1.7745616919169385
1.662174224283878
1.4697862077628476
1.2460248672916396
1.0307178244697495
0.8440058758186576
0.6907372308513917
0.7355432404122015
0.876014723442293
1.0307183519884764
1.184780477534645
1.3133586820413414
1.387623680958973
1.387623680958973
1.3133586820413414
1.184780477534645
1.0307183519884764
0.876014723442293
0.7355432404122015
0.7355434505172613
0.8440063956990456
0.9474413106996308
1.0307240913405167
1.0777163148655289
1.0777163148655289
1.0307240913405167
0.9474413106996308
0.8440063956990457
0.7355434505172613
0.6907379677410039
0.7600842399646875
0.8141478044985562
0.8440075011606417
0.8440075011606417
0.8141478044985562
0.7600842399646877
0.6907379677410039
0.6508671617594257
0.6702373074716086
0.6702373074716085
0.6508671617594257
0.8617330204950482
0.9160329844665278
0.9456995919110605
0.9456995919110603
0.9160329844665278
0.8617330204950483
0.8368282971600592
0.9456990420292009
1.0467609973228664
1.1263058771155974
1.1705210337525016
1.1705210337525016
1.1263058771155974
1.0467609973228664
0.9456990420292009
0.8368282971600594
0.8368280844368463
0.9772515548152775
1.1263049316023772
1.269551603534238
1.385633821759756
1.451427842881407
1.451427842881407
1.385633821759756
1.269551603534238
1.1263049316023772
0.9772515548152775
0.8368280844368463
0.9456983688033186
1.1263046800766376
1.3252087661993501
1.5232891382210378
1.6886035704574816
1.784085629684458
1.784085629684458
1.6886035704574818
1.5232891382210378
1.3252087661993501
1.1263046800766376
0.9456983688033185
0.8617321984280056
1.0467609032674736
1.2695502761723119
1.5232879550816987
1.7840846034427718
2.006907514800491
2.1370850583550234
2.137085058355023
2.0069075148004907
1.784084603442772
1.5232879550816987
1.2695502761723119
1.0467609032674736
0.8617321984280056
0.9160317269975681
1.1263051005601605
1.3856329888198857
1.6886012593317903
2.006904729735905
2.281573315401022
2.4410400076840792
2.4410400076840792
2.281573315401022
2.006904729735905
1.68860125933179
1.3856329888198857
1.1263051005601605
0.916031726997568
0.9456980204812013
1.1705204794164934
1.4514255253179782
1.7840835682300191
2.1370796595946717
2.441036513231854
2.613838692607993
2.6138386926079926
2.441036513231854
2.1370796595946717
1.7840835682300191
1.4514255253179782
1.1705204794164934
0.9456980204812013
0.9456980204812013
1.1705204794164934
1.4514255253179782
1.7840835682300193
2.1370796595946717
2.441036513231854
2.6138386926079926
2.613838692607993
2.441036513231854
2.1370796595946717
1.7840835682300191
1.451425525317978
1.1705204794164934
0.9456980204812013
0.9160317269975681
1.1263051005601605
1.3856329888198857
1.6886012593317903
2.006904729735905
2.281573315401022
2.4410400076840797
2.4410400076840792
2.281573315401022
2.006904729735905
1.68860125933179
1.3856329888198857
1.1263051005601605
0.9160317269975681
0.8617321984280056
1.0467609032674736
1.2695502761723119
1.5232879550816987
1.784084603442772
2.006907514800491
2.1370850583550234
2.1370850583550234
2.006907514800491
1.7840846034427718
1.5232879550816987
1.2695502761723119
1.0467609032674736
0.8617321984280056
0.9456983688033186
1.1263046800766376
1.3252087661993501
1.5232891382210378
1.6886035704574818
1.784085629684458
1.784085629684458
1.6886035704574818
1.5232891382210378
1.3252087661993501
1.1263046800766374
0.9456983688033185
0.8368280844368463
0.9772515548152775
1.1263049316023772
1.269551603534238
1.385633821759756
1.451427842881407
1.451427842881407
1.3856338217597557
1.269551603534238
1.1263049316023772
0.9772515548152774
0.8368280844368463
0.8368282971600594
0.9456990420292009
1.0467609973228664
1.1263058771155974
1.1705210337525016
1.1705210337525016
1.1263058771155974
1.0467609973228664
0.9456990420292009
0.8368282971600594
0.8617330204950483
0.9160329844665278
0.9456995919110603
0.9456995919110605
0.9160329844665278
0.8617330204950483
1.0854454228750494
1.1558543057367294
1.194419481863487
1.194419481863487
1.1558543057367292
1.0854454228750494
1.0227905591459105
1.1558543498201304
1.279374333387379
1.3765956429266604
1.4306370786320246
1.4306370786320246
1.3765956429266604
1.279374333387379
1.1558543498201304
1.0227905591459105
1.1558544079767759
1.3262955339509386
1.4888356061615018
1.619700902953014
1.6935535716164543
1.6935535716164543
1.619700902953014
1.4888356061615018
1.3262955339509386
1.1558544079767756
1.0854452003875614
1.2793721739782158
1.488834990869962
1.6935515734772586
1.861798325644796
1.9580450482261114
1.9580450482261114
1.861798325644796
1.6935515734772588
1.4888349908699623
1.2793721739782158
1.0854452003875614
1.1558546991448628
1.3765944315977092
1.6196991666835903
1.8617970939353992
2.063851046702534
2.180550250132689
2.180550250132689
2.0638510467025335
1.861797093935399
1.6196991666835903
1.3765944315977092
1.1558546991448628
1.1944190133160508
1.4306357299870995
1.693550892875959
1.957662379580306
2.1805485203847237
2.3096643610067846
2.309664361006784
2.1805485203847237
1.9576623795803059
1.6935508928759588
1.4306357299870995
1.1944190133160508
1.1944190133160508
1.4306357299870995
1.693550892875959
1.957662379580306
2.1805485203847237
2.3096643610067846
2.309664361006784
2.1805485203847237
1.9576623795803059
1.693550892875959
1.4306357299870995
1.1944190133160508
1.1558546991448628
1.376594431597709
1.6196991666835903
1.8617970939353992
2.063851046702534
2.180550250132689
2.180550250132689
2.063851046702534
1.8617970939353992
1.6196991666835903
1.376594431597709
1.155854699144863
1.0854452003875614
1.2793721739782158
1.488834990869962
1.6935515734772588
1.8617983256447959
1.9580450482261111
1.9580450482261114
1.8617983256447959
1.6935515734772588
1.488834990869962
1.2793721739782158
1.0854452003875614
1.1558544079767756
1.3262955339509388
1.4888356061615018
1.619700902953014
1.693553571616454
1.6935535716164543
1.619700902953014
1.4888356061615018
1.3262955339509386
1.1558544079767756
1.0227905591459105
1.1558543498201304
1.2793743333873793
1.3765956429266604
1.4306370786320246
1.4306370786320246
1.3765956429266604
1.279374333387379
1.1558543498201304
1.0227905591459105
1.0854454228750494
1.1558543057367294
1.1944194818634872
1.1944194818634872
1.1558543057367294
1.0854454228750494
1.2447248633924004
1.3231572038024493
1.3660102197553348
1.3660102197553348
1.3231572038024493
1.2447248633924004
1.282798471721902
1.4115852846005548
1.5119861004292292
1.56744122037429
1.56744122037429
1.5119861004292292
1.4115852846005548
1.2827984717219019
1.244724683350455
1.4115848728901024
1.5674402148240771
1.6907516428955467
1.7595338584092892
1.7595338584092892
1.6907516428955467
1.5674402148240771
1.4115848728901024
1.244724683350455
1.3231576858230985
1.511986447671907
1.6907510612682453
1.8337959672844195
1.9141944462076395
1.9141944462076395
1.8337959672844195
1.6907510612682453
1.511986447671907
1.3231576858230987
1.3660096000660582
1.5674401781114977
1.7595322249616583
1.9141941152323418
2.0014733456141656
2.0014733456141656
1.914194115232342
1.759532224961658
1.5674401781114975
1.3660096000660582
1.3660096000660582
1.5674401781114977
1.7595322249616583
1.914194115232342
2.0014733456141656
2.0014733456141656
1.914194115232342
1.759532224961658
1.5674401781114977
1.3660096000660582
1.3231576858230987
1.511986447671907
1.6907510612682453
1.8337959672844195
1.9141944462076395
1.9141944462076392
1.8337959672844195
1.6907510612682453
1.511986447671907
1.3231576858230987
1.2447246833504548
1.4115848728901021
1.5674402148240771
1.6907516428955465
1.7595338584092892
1.7595338584092892
1.6907516428955465
1.5674402148240771
1.4115848728901021
1.244724683350455
1.282798471721902
1.4115852846005548
1.5119861004292292
1.56744122037429
1.56744122037429
1.5119861004292292
1.411585284600555
1.282798471721902
1.2447248633924004
1.3231572038024493
1.3660102197553345
1.3660102197553348
1.3231572038024493
1.2447248633924004
1.3947139560984203
1.4362214305412253
1.4362214305412253
1.3947139560984203
1.4362206684006664
1.5267205876019498
1.5761651328685113
1.5761651328685113
1.5267205876019498
1.4362206684006664
1.3947135876239893
1.5267203492605856
1.6287523494943192
1.6847847634490922
1.684784763449092
1.6287523494943195
1.5267203492605854
1.3947135876239893
1.4362210479280777
1.576164654009491
1.6847841128361287
1.7446003839443815
1.7446003839443815
1.6847841128361287
1.576164654009491
1.4362210479280777
1.4362210479280777
1.576164654009491
1.6847841128361287
1.7446003839443813
1.7446003839443813
1.6847841128361287
1.576164654009491
1.4362210479280777
1.3947135876239893
1.5267203492605856
1.6287523494943195
1.684784763449092
1.6847847634490922
1.6287523494943192
1.5267203492605856
1.3947135876239893
1.4362206684006664
1.52672058760195
1.5761651328685113
1.5761651328685111
1.5267205876019498
1.4362206684006664
1.3947139560984203
1.4362214305412253
1.4362214305412253
1.39471395609842