-0.031140830647614564
-0.03211008847108936
-0.032110088471089364
-0.031140830647614564
-0.03211008647678139
-0.03423330749422185
-0.03539923051845035
-0.035399230518450356
-0.03423330749422185
-0.03211008647678139
-0.03114084088000708
-0.03423330641435503
-0.03664394746127631
-0.037975613085080524
-0.03797561308508053
-0.03664394746127632
-0.034233306414355014
-0.031140840880007077
-0.03211008231807109
-0.035399230778098416
-0.037975597614691874
-0.0394035146476898
-0.03940351464768979
-0.03797559761469188
-0.03539923077809842
-0.03211008231807109
-0.03211008231807109
-0.035399230778098416
-0.03797559761469188
-0.03940351464768979
-0.03940351464768979
-0.037975597614691874
-0.03539923077809842
-0.03211008231807109
-0.031140840880007074
-0.03423330641435502
-0.036643947461276305
-0.03797561308508053
-0.03797561308508053
-0.03664394746127631
-0.03423330641435502
-0.03114084088000708
-0.032110086476781395
-0.03423330749422185
-0.035399230518450356
-0.035399230518450356
-0.03423330749422185
-0.03211008647678139
-0.031140830647614567
-0.032110088471089364
-0.032110088471089364
-0.03114083064761456
-0.0278287038775389
-0.029668918326681584
-0.03067937779288154
-0.03067937779288154
-0.02966891832668158
-0.027828703877538906
-0.02872046619089735
-0.03175811780429187
-0.034149750875479765
-0.035479920677087114
-0.03547992067708711
-0.03414975087547976
-0.031758117804291865
-0.028720466190897354
-0.027828696973524306
-0.031758103478799427
-0.035479899388046195
-0.03846242334932603
-0.040141430114466345
-0.040141430114466345
-0.03846242334932603
-0.0354798993880462
-0.031758103478799427
-0.027828696973524306
-0.029668894294463812
-0.03414972566211931
-0.03846241842246246
-0.04196717314760087
-0.04395946244562084
-0.04395946244562083
-0.04196717314760087
-0.03846241842246246
-0.03414972566211932
-0.029668894294463812
-0.03067935063529906
-0.03547989500297139
-0.04014141275595748
-0.043959472111251674
-0.04614178558720106
-0.04614178558720106
-0.043959472111251674
-0.040141412755957485
-0.03547989500297139
-0.030679350635299054
-0.030679350635299057
-0.0354798950029714
-0.04014141275595749
-0.04395947211125168
-0.046141785587201056
-0.046141785587201056
-0.043959472111251674
-0.04014141275595748
-0.03547989500297139
-0.030679350635299057
-0.02966889429446381
-0.03414972566211932
-0.03846241842246246
-0.04196717314760088
-0.04395946244562083
-0.04395946244562084
-0.04196717314760088
-0.03846241842246246
-0.03414972566211932
-0.029668894294463812
-0.027828696973524306
-0.031758103478799427
-0.035479899388046195
-0.03846242334932603
-0.040141430114466345
-0.040141430114466345
-0.03846242334932602
-0.035479899388046195
-0.031758103478799427
-0.027828696973524303
-0.028720466190897347
-0.031758117804291865
-0.03414975087547976
-0.03547992067708711
-0.03547992067708711
-0.034149750875479765
-0.03175811780429187
-0.028720466190897347
-0.0278287038775389
-0.02966891832668158
-0.030679377792881532
-0.03067937779288154
-0.02966891832668158
-0.0278287038775389
-0.024301950060168557
-0.025959422212693158
-0.02687222051587488
-0.026872220515874873
-0.025959422212693158
-0.02430195006016856
-0.022836584938498362
-0.025959413816694657
-0.028895899554501864
-0.031234436791593483
-0.0325451747788143
-0.0325451747788143
-0.031234436791593483
-0.028895899554501864
-0.025959413816694657
-0.022836584938498362
-0.02595941526134616
-0.030021496966335243
-0.03396585453738547
-0.037196508821817055
-0.03904307748901981
-0.039043077489019806
-0.037196508821817055
-0.03396585453738547
-0.030021496966335246
-0.025959415261346156
-0.024301934150344928
-0.028895889024218465
-0.03396583189972731
-0.039043074490522495
-0.04331850344850321
-0.04581082693997865
-0.045810826939978656
-0.04331850344850321
-0.0390430744905225
-0.0339658318997273
-0.02889588902421847
-0.024301934150344928
-0.02595940436369725
-0.031234388189222483
-0.03719648592930819
-0.04331850097377928
-0.0485938839698854
-0.051720786300646575
-0.051720786300646575
-0.0485938839698854
-0.04331850097377929
-0.03719648592930819
-0.031234388189222487
-0.025959404363697248
-0.026872198656354138
-0.032545140639092855
-0.03904305878002446
-0.04581081331572313
-0.05172077341322932
-0.0552581810987116
-0.055258181098711605
-0.05172077341322932
-0.04581081331572313
-0.03904305878002446
-0.032545140639092855
-0.026872198656354138
-0.026872198656354138
-0.032545140639092855
-0.03904305878002446
-0.04581081331572312
-0.05172077341322931
-0.055258181098711605
-0.055258181098711605
-0.0517207734132293
-0.04581081331572312
-0.03904305878002446
-0.032545140639092855
-0.026872198656354138
-0.02595940436369725
-0.031234388189222487
-0.03719648592930819
-0.04331850097377929
-0.0485938839698854
-0.05172078630064658
-0.051720786300646575
-0.0485938839698854
-0.04331850097377929
-0.03719648592930819
-0.031234388189222487
-0.02595940436369725
-0.02430193415034493
-0.02889588902421847
-0.03396583189972731
-0.0390430744905225
-0.04331850344850321
-0.04581082693997865
-0.04581082693997865
-0.0433185034485032
-0.0390430744905225
-0.03396583189972731
-0.02889588902421847
-0.02430193415034493
-0.025959415261346156
-0.030021496966335243
-0.03396585453738548
-0.037196508821817055
-0.03904307748901981
-0.03904307748901982
-0.03719650882181706
-0.03396585453738547
-0.030021496966335246
-0.025959415261346153
-0.022836584938498362
-0.02595941381669465
-0.02889589955450186
-0.031234436791593486
-0.032545174778814294
-0.032545174778814294
-0.031234436791593483
-0.02889589955450186
-0.025959413816694654
-0.022836584938498362
-0.024301950060168557
-0.025959422212693158
-0.026872220515874876
-0.02687222051587488
-0.025959422212693154
-0.02430195006016856
-0.0192660497245925
-0.020539993221481073
-0.021239544073625185
-0.021239544073625185
-0.020539993221481073
-0.0192660497245925
-0.018684488964394036
-0.021239535010099474
-0.023642121573844117
-0.02555539413137902
-0.02662781810107716
-0.026627818101077165
-0.025555394131379028
-0.023642121573844117
-0.021239535010099474
-0.018684488964394036
-0.018684489624661193
-0.021986364500130477
-0.025555385999765874
-0.029054192188569892
-0.03194441378453658
-0.033606236987924636
-0.033606236987924636
-0.03194441378453658
-0.029054192188569892
-0.025555385999765874
-0.021986364500130473
-0.018684489624661196
-0.021239526286330586
-0.025555379439485482
-0.030433554137243236
-0.03544245809118368
-0.03975867591617082
-0.04231705192483359
-0.042317051924833586
-0.03975867591617082
-0.035442458091183675
-0.03043355413724324
-0.02555537943948548
-0.021239526286330586
-0.019266033822406672
-0.023642096026271153
-0.029054176951460974
-0.03544244179915176
-0.04231703988156388
-0.04851086097064141
-0.052305548720589685
-0.052305548720589685
-0.0485108609706414
-0.04231703988156388
-0.03544244179915176
-0.029054176951460977
-0.023642096026271153
-0.019266033822406672
-0.02053996945152392
-0.025555374459627172
-0.031944346696310445
-0.03975864352452166
-0.048510840914029546
-0.05671335397313662
-0.06189268474781378
-0.061892684747813786
-0.05671335397313662
-0.048510840914029546
-0.03975864352452166
-0.03194434669631044
-0.025555374459627172
-0.02053996945152392
-0.02123951737313965
-0.026627796442912556
-0.03360617387402637
-0.04231701574342154
-0.052305501914651165
-0.061892616302331234
-0.0680598874145587
-0.0680598874145587
-0.06189261630233124
-0.052305501914651165
-0.04231701574342153
-0.033606173874026375
-0.026627796442912553
-0.02123951737313965
-0.02123951737313965
-0.026627796442912553
-0.033606173874026375
-0.04231701574342154
-0.052305501914651165
-0.06189261630233124
-0.0680598874145587
-0.0680598874145587
-0.06189261630233124
-0.052305501914651165
-0.04231701574342153
-0.033606173874026375
-0.026627796442912556
-0.021239517373139654
-0.02053996945152392
-0.025555374459627175
-0.03194434669631044
-0.03975864352452166
-0.048510840914029546
-0.05671335397313662
-0.061892684747813786
-0.061892684747813786
-0.056713353973136614
-0.048510840914029546
-0.03975864352452166
-0.03194434669631044
-0.025555374459627172
-0.02053996945152392
-0.01926603382240667
-0.023642096026271153
-0.029054176951460974
-0.03544244179915176
-0.04231703988156387
-0.04851086097064141
-0.052305548720589685
-0.052305548720589685
-0.04851086097064141
-0.04231703988156388
-0.03544244179915176
-0.029054176951460977
-0.023642096026271153
-0.019266033822406672
-0.02123952628633059
-0.02555537943948548
-0.030433554137243236
-0.035442458091183675
-0.03975867591617082
-0.042317051924833586
-0.042317051924833586
-0.03975867591617082
-0.035442458091183675
-0.03043355413724324
-0.02555537943948548
-0.021239526286330586
-0.0186844896246612
-0.021986364500130473
-0.025555385999765874
-0.029054192188569892
-0.03194441378453658
-0.033606236987924636
-0.033606236987924636
-0.03194441378453658
-0.029054192188569892
-0.025555385999765874
-0.021986364500130477
-0.018684489624661196
-0.018684488964394036
-0.021239535010099477
-0.023642121573844117
-0.025555394131379028
-0.026627818101077165
-0.026627818101077165
-0.025555394131379024
-0.023642121573844117
-0.021239535010099474
-0.018684488964394036
-0.019266049724592504
-0.02053999322148107
-0.021239544073625185
-0.021239544073625185
-0.020539993221481076
-0.0192660497245925
-0.014532377389214526
-0.014984739319457182
-0.014984739319457182
-0.014532377389214524
-0.015464907759635514
-0.01710053241161212
-0.018388336603623486
-0.019104580383384768
-0.019104580383384768
-0.018388336603623483
-0.01710053241161212
-0.015464907759635514
-0.01651965498781885
-0.019104567926165092
-0.021614622907203944
-0.02367050443857039
-0.02484560782823121
-0.024845607828231208
-0.02367050443857039
-0.021614622907203944
-0.019104567926165092
-0.01651965498781885
-0.01651964727462012
-0.019876423395166935
-0.023670489775369796
-0.027566329378447624
-0.030923481661333747
-0.03291334022740881
-0.03291334022740882
-0.030923481661333747
-0.02756632937844762
-0.023670489775369792
-0.01987642339516693
-0.01651964727462012
-0.01546489137018996
-0.019104560178256107
-0.023670482525237426
-0.029152335072706266
-0.0351643825248026
-0.04068215462817848
-0.044110462266862584
-0.044110462266862584
-0.04068215462817847
-0.035164382524802584
-0.02915233507270626
-0.023670482525237426
-0.01910456017825611
-0.015464891370189958
-0.017100511785097805
-0.021614605828835187
-0.027566306899503432
-0.03516435662135017
-0.044110417197273634
-0.05293543715539975
-0.05873796367422374
-0.05873796367422374
-0.052935437155399744
-0.04411041719727364
-0.03516435662135016
-0.02756630689950343
-0.021614605828835187
-0.017100511785097805
-0.014532360725054025
-0.018388314836242158
-0.023670478179530906
-0.030923429927746705
-0.04068208469486712
-0.05293539921333995
-0.06588931668878864
-0.07490454150208803
-0.07490454150208803
-0.06588931668878864
-0.05293539921333996
-0.04068208469486712
-0.030923429927746705
-0.02367047817953091
-0.018388314836242158
-0.014532360725054025
-0.014984707221160628
-0.019104552268526354
-0.02484557195157559
-0.03291327178631852
-0.04411038603211986
-0.058737931665828066
-0.07490449455056875
-0.08658793985291731
-0.0865879398529173
-0.07490449455056875
-0.05873793166582807
-0.04411038603211985
-0.03291327178631852
-0.02484557195157559
-0.019104552268526354
-0.014984707221160626
-0.014984707221160624
-0.01910455226852635
-0.024845571951575593
-0.03291327178631851
-0.04411038603211985
-0.058737931665828066
-0.07490449455056876
-0.0865879398529173
-0.0865879398529173
-0.07490449455056876
-0.058737931665828066
-0.04411038603211986
-0.03291327178631852
-0.02484557195157559
-0.01910455226852635
-0.014984707221160624
-0.014532360725054027
-0.018388314836242158
-0.023670478179530906
-0.030923429927746705
-0.04068208469486712
-0.052935399213339965
-0.06588931668878864
-0.07490454150208803
-0.07490454150208803
-0.06588931668878864
-0.052935399213339965
-0.04068208469486712
-0.0309234299277467
-0.023670478179530906
-0.018388314836242158
-0.014532360725054025
-0.017100511785097805
-0.021614605828835187
-0.02756630689950343
-0.03516435662135016
-0.044110417197273634
-0.05293543715539975
-0.05873796367422374
-0.05873796367422372
-0.052935437155399744
-0.044110417197273634
-0.03516435662135016
-0.027566306899503432
-0.021614605828835187
-0.017100511785097805
-0.01546489137018996
-0.019104560178256107
-0.023670482525237426
-0.02915233507270626
-0.035164382524802584
-0.04068215462817848
-0.044110462266862584
-0.04411046226686259
-0.04068215462817848
-0.035164382524802584
-0.02915233507270626
-0.023670482525237426
-0.019104560178256107
-0.01546489137018996
-0.01651964727462012
-0.01987642339516693
-0.023670489775369796
-0.02756632937844762
-0.030923481661333747
-0.03291334022740881
-0.03291334022740881
-0.03092348166133375
-0.027566329378447624
-0.023670489775369792
-0.01987642339516693
-0.01651964727462012
-0.01651965498781885
-0.019104567926165092
-0.021614622907203944
-0.02367050443857039
-0.024845607828231208
-0.024845607828231208
-0.023670504438570387
-0.021614622907203944
-0.019104567926165092
-0.016519654987818846
-0.015464907759635516
-0.01710053241161212
-0.018388336603623483
-0.019104580383384768
-0.019104580383384768
-0.018388336603623486
-0.01710053241161212
-0.015464907759635514
-0.014532377389214526
-0.014984739319457183
-0.014984739319457183
-0.014532377389214526
-0.010703358706017518
-0.011411107229330527
-0.011799747854884874
-0.011799747854884876
-0.011411107229330525
-0.010703358706017517
-0.010703354916313993
-0.012214648819256534
-0.01364611482645987
-0.014793279333168829
-0.015439057315851731
-0.015439057315851731
-0.014793279333168832
-0.01364611482645987
-0.012214648819256534
-0.010703354916313993
-0.011046339200804976
-0.0131345084952425
-0.015439042220747877
-0.017746875557678836
-0.019690262645524693
-0.02082313546369839
-0.020823135463698385
-0.019690262645524693
-0.017746875557678836
-0.015439042220747875
-0.013134508495242498
-0.011046339200804976
-0.010703348066835204
-0.013134504547517767
-0.01614124997071318
-0.019690250059616523
-0.02350947410596075
-0.026950503661843775
-0.029058677623849477
-0.029058677623849477
-0.026950503661843775
-0.023509474105960753
-0.01969025005961652
-0.01614124997071318
-0.013134504547517767
-0.010703348066835204
-0.01221464120593736
-0.015439022948466342
-0.019690241513930472
-0.02511737597094113
-0.031507516276628796
-0.03781113053216346
-0.04195570347180562
-0.04195570347180562
-0.03781113053216346
-0.031507516276628796
-0.02511737597094113
-0.019690241513930472
-0.015439022948466344
-0.01221464120593736
-0.01070335030192292
-0.013646100001272967
-0.01774685545439185
-0.023509452797683975
-0.031507497179174275
-0.04195561546392915
-0.0535032218232054
-0.061848755803923204
-0.06184875580392322
-0.05350322182320539
-0.04195561546392915
-0.03150749717917427
-0.023509452797683978
-0.01774685545439185
-0.013646100001272967
-0.010703350301922921
-0.011411093560280541
-0.01479324708885131
-0.0196902297282201
-0.02695045805739868
-0.03781101798727431
-0.0535031515192903
-0.07303919204738749
-0.08867906807136518
-0.08867906807136518
-0.07303919204738749
-0.0535031515192903
-0.03781101798727431
-0.026950458057398676
-0.019690229728220102
-0.01479324708885131
-0.011411093560280541
-0.011799729142412368
-0.015439014619396613
-0.020823099439722756
-0.029058683413001756
-0.04195546017924151
-0.061848658083410626
-0.08867884263752077
-0.11148977855773984
-0.11148977855773985
-0.08867884263752075
-0.061848658083410626
-0.04195546017924151
-0.029058683413001756
-0.020823099439722756
-0.01543901461939661
-0.011799729142412367
-0.011799729142412368
-0.01543901461939661
-0.02082309943972276
-0.029058683413001756
-0.04195546017924151
-0.06184865808341063
-0.08867884263752077
-0.11148977855773984
-0.11148977855773985
-0.08867884263752077
-0.06184865808341062
-0.04195546017924151
-0.029058683413001753
-0.02082309943972275
-0.015439014619396611
-0.011799729142412368
-0.011411093560280541
-0.014793247088851312
-0.019690229728220106
-0.026950458057398676
-0.037811017987274306
-0.05350315151929029
-0.07303919204738749
-0.08867906807136516
-0.08867906807136516
-0.07303919204738747
-0.05350315151929029
-0.037811017987274306
-0.026950458057398673
-0.019690229728220106
-0.01479324708885131
-0.011411093560280541
-0.010703350301922921
-0.013646100001272969
-0.01774685545439185
-0.023509452797683978
-0.031507497179174275
-0.04195561546392915
-0.053503221823205396
-0.0618487558039232
-0.06184875580392321
-0.053503221823205396
-0.041955615463929154
-0.031507497179174275
-0.02350945279768398
-0.01774685545439185
-0.013646100001272969
-0.010703350301922921
-0.01221464120593736
-0.015439022948466344
-0.019690241513930472
-0.02511737597094113
-0.031507516276628796
-0.03781113053216346
-0.04195570347180561
-0.04195570347180561
-0.03781113053216346
-0.0315075162766288
-0.02511737597094113
-0.019690241513930472
-0.015439022948466344
-0.01221464120593736
-0.010703348066835204
-0.013134504547517767
-0.01614124997071318
-0.019690250059616523
-0.02350947410596075
-0.02695050366184377
-0.029058677623849474
-0.029058677623849477
-0.026950503661843775
-0.02350947410596075
-0.01969025005961652
-0.01614124997071318
-0.013134504547517765
-0.010703348066835205
-0.011046339200804976
-0.013134508495242498
-0.015439042220747875
-0.017746875557678836
-0.019690262645524696
-0.02082313546369839
-0.020823135463698385
-0.019690262645524693
-0.017746875557678836
-0.015439042220747875
-0.013134508495242498
-0.011046339200804976
-0.010703354916313992
-0.012214648819256536
-0.01364611482645987
-0.014793279333168829
-0.015439057315851731
-0.015439057315851731
-0.014793279333168829
-0.013646114826459868
-0.012214648819256534
-0.010703354916313992
-0.010703358706017517
-0.011411107229330527
-0.011799747854884874
-0.011799747854884874
-0.011411107229330529
-0.010703358706017518
-0.006228163849283422
-0.006846664303196908
-0.007328793978055555
-0.007595139439109225
-0.007595139439109225
-0.007328793978055555
-0.006846664303196907
-0.006228163849283422
-0.006846661271816745
-0.00788071592953935
-0.008875953049406247
-0.0096847502528048
-0.010144512017222914
-0.010144512017222914
-0.0096847502528048
-0.008875953049406249
-0.007880715929539348
-0.006846661271816745
-0.007079844991398579
-0.00851847571734181
-0.010144506489551538
-0.011814155350420422
-0.013252903692153675
-0.01410569967938563
-0.01410569967938563
-0.013252903692153675
-0.011814155350420422
-0.010144506489551536
-0.00851847571734181
-0.007079844991398579
-0.006846658473731503
-0.008518469467024383
-0.010648115691850785
-0.013252891797838623
-0.016170321581040446
-0.018904516710453557
-0.020630911767737913
-0.020630911767737913
-0.018904516710453557
-0.016170321581040446
-0.013252891797838623
-0.010648115691850785
-0.008518469467024385
-0.006846658473731502
-0.006228159380088808
-0.007880707035420596
-0.01014449886280281
-0.013252883355721043
-0.017435206164969106
-0.022686644154906836
-0.028238267261665926
-0.032102084216533544
-0.03210208421653355
-0.028238267261665926
-0.022686644154906836
-0.017435206164969106
-0.013252883355721041
-0.01014449886280281
-0.007880707035420596
-0.006228159380088808
-0.006846657884822827
-0.00887594199683253
-0.011814139569002617
-0.016170303331414698
-0.022686627837817427
-0.03210199368753316
-0.043823541206296404
-0.053207476681963954
-0.053207476681963954
-0.0438235412062964
-0.03210199368753316
-0.02268662783781743
-0.016170303331414698
-0.011814139569002614
-0.008875941996832528
-0.006846657884822827
-0.007328794729827282
-0.009684730608268431
-0.013252877519587411
-0.018904461472143152
-0.028238198498553857
-0.043823413298706246
-0.06689408559651147
-0.08589873204189624
-0.08589873204189624
-0.06689408559651147
-0.04382341329870623
-0.02823819849855386
-0.01890446147214315
-0.013252877519587411
-0.00968473060826843
-0.0073287947298272815
-0.00759512864178152
-0.010144491459674347
-0.01410566837423392
-0.020630836480836974
-0.03210191472307745
-0.053207270681817916
-0.08589823527162793
-0.08520550410967465
-0.08520550410967465
-0.08589823527162793
-0.053207270681817916
-0.03210191472307744
-0.020630836480836974
-0.014105668374233918
-0.010144491459674347
-0.00759512864178152
-0.007595128641781521
-0.010144491459674347
-0.01410566837423392
-0.020630836480836974
-0.03210191472307744
-0.053207270681817916
-0.08589823527162796
-0.08520550410967465
-0.08520550410967466
-0.08589823527162793
-0.05320727068181791
-0.03210191472307745
-0.020630836480836974
-0.01410566837423392
-0.010144491459674346
-0.00759512864178152
-0.0073287947298272815
-0.009684730608268431
-0.013252877519587411
-0.018904461472143152
-0.028238198498553857
-0.043823413298706246
-0.06689408559651149
-0.08589873204189624
-0.08589873204189623
-0.06689408559651147
-0.043823413298706246
-0.028238198498553857
-0.01890446147214315
-0.013252877519587413
-0.009684730608268431
-0.007328794729827281
-0.006846657884822826
-0.008875941996832528
-0.011814139569002615
-0.016170303331414698
-0.02268662783781743
-0.03210199368753316
-0.0438235412062964
-0.053207476681963954
-0.05320747668196396
-0.043823541206296404
-0.03210199368753316
-0.022686627837817427
-0.016170303331414698
-0.011814139569002615
-0.008875941996832528
-0.006846657884822827
-0.006228159380088809
-0.007880707035420598
-0.01014449886280281
-0.013252883355721041
-0.01743520616496911
-0.022686644154906836
-0.028238267261665922
-0.032102084216533544
-0.032102084216533544
-0.028238267261665922
-0.022686644154906836
-0.017435206164969106
-0.01325288335572104
-0.01014449886280281
-0.007880707035420598
-0.006228159380088808
-0.006846658473731504
-0.008518469467024383
-0.010648115691850785
-0.013252891797838623
-0.016170321581040446
-0.018904516710453553
-0.020630911767737917
-0.020630911767737913
-0.018904516710453553
-0.016170321581040446
-0.013252891797838623
-0.010648115691850785
-0.008518469467024385
-0.006846658473731503
-0.007079844991398579
-0.008518475717341812
-0.010144506489551536
-0.01181415535042042
-0.013252903692153676
-0.014105699679385629
-0.01410569967938563
-0.013252903692153675
-0.01181415535042042
-0.010144506489551536
-0.00851847571734181
-0.00707984499139858
-0.006846661271816743
-0.007880715929539348
-0.008875953049406249
-0.0096847502528048
-0.010144512017222915
-0.010144512017222915
-0.0096847502528048
-0.008875953049406249
-0.007880715929539348
-0.006846661271816744
-0.006228163849283422
-0.006846664303196908
-0.007328793978055554
-0.0075951394391092246
-0.0075951394391092246
-0.007328793978055555
-0.006846664303196907
-0.0062281638492834215
-0.0021406685231684023
-0.0023599464861001193
-0.0025317067333482253
-0.002626901003413483
-0.0026269010034134827
-0.0025317067333482258
-0.0023599464861001193
-0.0021406685231684023
-0.0023599458036903027
-0.002729220490487415
-0.003087799970926283
-0.003381497387314626
-0.003549364671647549
-0.003549364671647549
-0.0033814973873146255
-0.003087799970926283
-0.0027292204904874155
-0.0023599458036903023
-0.002442927412400208
-0.002958644562905571
-0.003549368133553717
-0.004164614924145918
-0.004701891757340365
-0.005023477210965322
-0.005023477210965322
-0.0047018917573403655
-0.0041646149241459166
-0.0035493681335537165
-0.0029586445629055705
-0.0024429274124002074
-0.0023599447739043834
-0.0029586432969919137
-0.0037340125708810053
-0.004701888564083479
-0.005811728166551276
-0.006876939705157681
-0.007562214041195914
-0.007562214041195914
-0.006876939705157681
-0.005811728166551276
-0.004701888564083477
-0.0037340125708810058
-0.0029586432969919132
-0.0023599447739043834
-0.0021406677337769756
-0.0027292193363524903
-0.0035493649279324077
-0.00470188683382294
-0.006301482916147128
-0.008391113933985757
-0.010700620225091056
-0.012369679032323066
-0.012369679032323066
-0.010700620225091056
-0.008391113933985759
-0.006301482916147129
-0.00470188683382294
-0.0035493649279324077
-0.00272921933635249
-0.0021406677337769756
-0.0023599628287488557
-0.003087796972921603
-0.004164614641858367
-0.00581172446554655
-0.008391102724013203
-0.012369727434980684
-0.017735819660556915
-0.022297963043167095
-0.022297963043167092
-0.017735819660556915
-0.012369727434980682
-0.008391102724013203
-0.005811724465546549
-0.004164614641858367
-0.003087796972921602
-0.0023599628287488557
-0.0025317043096053744
-0.003381492456416629
-0.0047018847244564375
-0.0068769373557536866
-0.010700666617275659
-0.01773577906173838
-0.02863272619228497
-0.028401974325762372
-0.028401974325762372
-0.028632726192284966
-0.01773577906173838
-0.01070066661727566
-0.0068769373557536866
-0.0047018847244564375
-0.003381492456416629
-0.0025317043096053744
-0.0026268966835699195
-0.0035493616415159597
-0.005023467338707183
-0.007562187683810229
-0.012369672233279524
-0.022297869128324276
-0.028401843914024467
-0.023070813273321313
-0.023070813273321313
-0.028401843914024394
-0.022297869128324273
-0.012369672233279522
-0.007562187683810229
-0.005023467338707184
-0.003549361641515959
-0.0026268966835699195
-0.0026268966835699195
-0.003549361641515959
-0.005023467338707183
-0.0075621876838102295
-0.01236967223327952
-0.02229786912832428
-0.02840184391402445
-0.02307081327332131
-0.023070813273321326
-0.028401843914024387
-0.022297869128324273
-0.01236967223327952
-0.007562187683810229
-0.005023467338707183
-0.0035493616415159593
-0.002626896683569919
-0.002531704309605374
-0.003381492456416629
-0.0047018847244564375
-0.0068769373557536866
-0.010700666617275659
-0.017735779061738382
-0.028632726192284966
-0.02840197432576235
-0.028401974325762365
-0.028632726192284963
-0.01773577906173838
-0.010700666617275659
-0.0068769373557536866
-0.0047018847244564375
-0.003381492456416629
-0.0025317043096053744
-0.0023599628287488557
-0.003087796972921603
-0.004164614641858369
-0.005811724465546549
-0.008391102724013205
-0.012369727434980684
-0.017735819660556915
-0.022297963043167092
-0.022297963043167092
-0.017735819660556918
-0.012369727434980684
-0.008391102724013205
-0.005811724465546549
-0.004164614641858367
-0.0030877969729216025
-0.0023599628287488557
-0.0021406677337769756
-0.0027292193363524907
-0.0035493649279324077
-0.00470188683382294
-0.006301482916147129
-0.008391113933985759
-0.010700620225091056
-0.012369679032323066
-0.012369679032323068
-0.010700620225091054
-0.008391113933985759
-0.006301482916147129
-0.00470188683382294
-0.003549364927932408
-0.00272921933635249
-0.0021406677337769756
-0.002359944773904384
-0.0029586432969919137
-0.0037340125708810053
-0.00470188856408348
-0.005811728166551275
-0.006876939705157682
-0.007562214041195914
-0.007562214041195914
-0.00687693970515768
-0.005811728166551275
-0.004701888564083479
-0.003734012570881005
-0.0029586432969919132
-0.0023599447739043834
-0.002442927412400208
-0.002958644562905571
-0.003549368133553717
-0.0041646149241459166
-0.004701891757340365
-0.005023477210965322
-0.005023477210965322
-0.004701891757340364
-0.004164614924145917
-0.003549368133553717
-0.002958644562905571
-0.002442927412400208
-0.002359945803690303
-0.0027292204904874155
-0.0030877999709262825
-0.0033814973873146255
-0.0035493646716475485
-0.0035493646716475485
-0.003381497387314625
-0.0030877999709262825
-0.0027292204904874155
-0.0023599458036903023
-0.002140668523168402
-0.002359946486100119
-0.0025317067333482258
-0.0026269010034134822
-0.0026269010034134822
-0.0025317067333482258
-0.0023599464861001193
-0.0021406685231684023
0.0021406685231684023
0.0023599464861001193
0.0025317067333482253
0.002626901003413483
0.002626901003413483
0.0025317067333482253
0.002359946486100119
0.002140668523168402
0.0023599458036903023
0.0027292204904874155
0.003087799970926283
0.003381497387314626
0.0035493646716475485
0.003549364671647549
0.0033814973873146255
0.0030877999709262834
0.002729220490487416
0.0023599458036903023
0.0024429274124002074
0.002958644562905571
0.003549368133553717
0.004164614924145917
0.004701891757340365
0.005023477210965321
0.005023477210965321
0.004701891757340364
0.004164614924145918
0.003549368133553717
0.0029586445629055714
0.0024429274124002074
0.0023599447739043834
0.0029586432969919132
0.003734012570881004
0.004701888564083481
0.005811728166551275
0.006876939705157681
0.007562214041195914
0.007562214041195914
0.0068769397051576826
0.005811728166551275
0.004701888564083479
0.0037340125708810053
0.002958643296991914
0.0023599447739043834
0.002140667733776976
0.00272921933635249
0.003549364927932409
0.004701886833822941
0.006301482916147128
0.008391113933985759
0.010700620225091058
0.01236967903232307
0.012369679032323066
0.010700620225091054
0.008391113933985757
0.006301482916147129
0.00470188683382294
0.0035493649279324077
0.00272921933635249
0.002140667733776976
0.002359962828748856
0.003087796972921603
0.004164614641858369
0.00581172446554655
0.008391102724013206
0.012369727434980684
0.017735819660556918
0.02229796304316709
0.02229796304316709
0.017735819660556918
0.012369727434980684
0.008391102724013205
0.00581172446554655
0.004164614641858368
0.003087796972921602
0.0023599628287488557
0.0025317043096053744
0.003381492456416629
0.0047018847244564375
0.006876937355753688
0.010700666617275659
0.017735779061738385
0.028632726192284973
0.028401974325762323
0.028401974325762334
0.028632726192284977
0.01773577906173838
0.01070066661727566
0.006876937355753688
0.004701884724456437
0.0033814924564166287
0.002531704309605375
0.0026268966835699195
0.00354936164151596
0.005023467338707185
0.0075621876838102295
0.012369672233279522
0.02229786912832427
0.028401843914024616
0.023070813273321323
0.023070813273321313
0.028401843914024547
0.02229786912832427
0.01236967223327952
0.007562187683810229
0.005023467338707184
0.0035493616415159597
0.0026268966835699195
0.002626896683569919
0.003549361641515961
0.005023467338707185
0.00756218768381023
0.012369672233279524
0.022297869128324276
0.02840184391402459
0.023070813273321306
0.023070813273321306
0.02840184391402447
0.02229786912832427
0.012369672233279522
0.007562187683810229
0.005023467338707183
0.00354936164151596
0.00262689668356992
0.0025317043096053744
0.0033814924564166304
0.0047018847244564375
0.006876937355753687
0.01070066661727566
0.017735779061738385
0.02863272619228496
0.02840197432576233
0.02840197432576234
0.02863272619228497
0.017735779061738385
0.010700666617275659
0.0068769373557536866
0.0047018847244564375
0.0033814924564166296
0.0025317043096053744
0.0023599628287488557
0.003087796972921603
0.004164614641858369
0.00581172446554655
0.008391102724013206
0.012369727434980684
0.017735819660556915
0.022297963043167092
0.02229796304316709
0.017735819660556915
0.012369727434980684
0.008391102724013205
0.00581172446554655
0.004164614641858368
0.003087796972921602
0.0023599628287488553
0.002140667733776976
0.0027292193363524903
0.003549364927932408
0.00470188683382294
0.00630148291614713
0.008391113933985757
0.010700620225091056
0.01236967903232307
0.012369679032323066
0.010700620225091054
0.008391113933985759
0.006301482916147129
0.00470188683382294
0.003549364927932407
0.0027292193363524903
0.0021406677337769756
0.0023599447739043834
0.002958643296991914
0.0037340125708810045
0.004701888564083479
0.005811728166551275
0.006876939705157681
0.007562214041195914
0.007562214041195913
0.006876939705157679
0.005811728166551275
0.004701888564083479
0.003734012570881005
0.002958643296991914
0.0023599447739043834
0.0024429274124002074
0.002958644562905571
0.0035493681335537165
0.004164614924145918
0.004701891757340365
0.00502347721096532
0.00502347721096532
0.004701891757340364
0.004164614924145917
0.0035493681335537156
0.0029586445629055714
0.0024429274124002074
0.0023599458036903023
0.0027292204904874155
0.0030877999709262825
0.0033814973873146264
0.0035493646716475485
0.0035493646716475485
0.003381497387314627
0.003087799970926283
0.0027292204904874155
0.0023599458036903023
0.0021406685231684023
0.0023599464861001197
0.0025317067333482253
0.002626901003413483
0.002626901003413483
0.002531706733348225
0.0023599464861001193
0.0021406685231684023
0.0062281638492834215
0.006846664303196907
0.007328793978055556
0.007595139439109225
0.007595139439109226
0.007328793978055555
0.006846664303196907
0.0062281638492834215
0.006846661271816745
0.007880715929539348
0.008875953049406249
0.0096847502528048
0.010144512017222915
0.010144512017222915
0.0096847502528048
0.008875953049406247
0.00788071592953935
0.006846661271816744
0.00707984499139858
0.00851847571734181
0.010144506489551536
0.011814155350420418
0.013252903692153673
0.01410569967938563
0.01410569967938563
0.013252903692153676
0.011814155350420418
0.010144506489551536
0.00851847571734181
0.00707984499139858
0.006846658473731504
0.008518469467024385
0.010648115691850785
0.013252891797838623
0.016170321581040446
0.01890451671045355
0.020630911767737913
0.02063091176773791
0.018904516710453553
0.016170321581040446
0.013252891797838623
0.010648115691850783
0.008518469467024385
0.006846658473731504
0.006228159380088808
0.007880707035420596
0.01014449886280281
0.013252883355721043
0.017435206164969106
0.022686644154906836
0.028238267261665926
0.032102084216533544
0.03210208421653355
0.028238267261665922
0.022686644154906836
0.017435206164969106
0.01325288335572104
0.010144498862802808
0.007880707035420594
0.006228159380088809
0.006846657884822825
0.008875941996832528
0.011814139569002614
0.016170303331414698
0.02268662783781743
0.03210199368753315
0.043823541206296404
0.053207476681963954
0.05320747668196396
0.0438235412062964
0.03210199368753315
0.02268662783781743
0.016170303331414698
0.011814139569002614
0.008875941996832528
0.006846657884822825
0.007328794729827281
0.009684730608268431
0.013252877519587413
0.018904461472143152
0.028238198498553857
0.04382341329870624
0.06689408559651147
0.08589873204189623
0.08589873204189623
0.06689408559651146
0.04382341329870623
0.028238198498553857
0.018904461472143152
0.013252877519587411
0.00968473060826843
0.007328794729827281
0.00759512864178152
0.01014449145967435
0.014105668374233922
0.02063083648083697
0.03210191472307745
0.053207270681817916
0.08589823527162792
0.08520550410967466
0.08520550410967466
0.08589823527162793
0.05320727068181791
0.03210191472307745
0.020630836480836974
0.01410566837423392
0.01014449145967435
0.00759512864178152
0.00759512864178152
0.010144491459674347
0.01410566837423392
0.020630836480836974
0.03210191472307745
0.053207270681817916
0.08589823527162793
0.08520550410967466
0.08520550410967467
0.08589823527162793
0.05320727068181791
0.03210191472307744
0.020630836480836974
0.01410566837423392
0.010144491459674347
0.00759512864178152
0.007328794729827281
0.00968473060826843
0.013252877519587411
0.01890446147214315
0.02823819849855386
0.043823413298706246
0.06689408559651147
0.08589873204189623
0.08589873204189623
0.06689408559651147
0.04382341329870624
0.02823819849855386
0.01890446147214315
0.013252877519587411
0.00968473060826843
0.007328794729827281
0.006846657884822825
0.008875941996832528
0.011814139569002615
0.016170303331414698
0.02268662783781743
0.03210199368753316
0.0438235412062964
0.053207476681963954
0.053207476681963954
0.043823541206296404
0.03210199368753315
0.02268662783781743
0.016170303331414698
0.011814139569002614
0.008875941996832526
0.006846657884822825
0.00622815938008881
0.007880707035420596
0.01014449886280281
0.013252883355721041
0.01743520616496911
0.022686644154906836
0.028238267261665922
0.03210208421653355
0.032102084216533544
0.02823826726166592
0.022686644154906836
0.017435206164969106
0.013252883355721041
0.01014449886280281
0.007880707035420596
0.006228159380088809
0.006846658473731503
0.008518469467024385
0.010648115691850785
0.013252891797838623
0.016170321581040446
0.018904516710453553
0.020630911767737913
0.02063091176773791
0.018904516710453553
0.016170321581040446
0.013252891797838623
0.010648115691850785
0.008518469467024382
0.006846658473731503
0.00707984499139858
0.00851847571734181
0.010144506489551536
0.01181415535042042
0.013252903692153676
0.014105699679385629
0.014105699679385629
0.013252903692153675
0.011814155350420418
0.010144506489551536
0.008518475717341812
0.00707984499139858
0.006846661271816743
0.007880715929539348
0.008875953049406249
0.0096847502528048
0.010144512017222915
0.010144512017222914
0.0096847502528048
0.008875953049406247
0.00788071592953935
0.006846661271816744
0.0062281638492834215
0.006846664303196907
0.007328793978055556
0.007595139439109225
0.007595139439109225
0.007328793978055553
0.006846664303196907
0.006228163849283422
0.010703358706017515
0.011411107229330525
0.011799747854884876
0.011799747854884874
0.011411107229330527
0.010703358706017517
0.010703354916313993
0.012214648819256536
0.013646114826459872
0.01479327933316883
0.01543905731585173
0.015439057315851733
0.01479327933316883
0.013646114826459872
0.012214648819256536
0.010703354916313992
0.011046339200804976
0.013134508495242498
0.015439042220747877
0.017746875557678836
0.019690262645524693
0.02082313546369839
0.020823135463698385
0.019690262645524693
0.017746875557678832
0.015439042220747875
0.013134508495242498
0.011046339200804974
0.010703348066835205
0.013134504547517765
0.01614124997071318
0.01969025005961652
0.023509474105960746
0.026950503661843775
0.02905867762384948
0.02905867762384948
0.026950503661843775
0.02350947410596075
0.01969025005961652
0.01614124997071318
0.013134504547517765
0.010703348066835205
0.01221464120593736
0.015439022948466346
0.019690241513930472
0.02511737597094113
0.0315075162766288
0.03781113053216346
0.04195570347180562
0.04195570347180562
0.03781113053216346
0.0315075162766288
0.025117375970941134
0.01969024151393047
0.015439022948466342
0.01221464120593736
0.010703350301922923
0.013646100001272969
0.017746855454391846
0.02350945279768398
0.03150749717917427
0.041955615463929154
0.0535032218232054
0.0618487558039232
0.061848755803923204
0.05350322182320541
0.041955615463929154
0.03150749717917427
0.023509452797683975
0.01774685545439185
0.013646100001272967
0.010703350301922921
0.011411093560280543
0.014793247088851312
0.019690229728220106
0.026950458057398676
0.03781101798727431
0.0535031515192903
0.07303919204738749
0.08867906807136518
0.08867906807136516
0.07303919204738749
0.0535031515192903
0.03781101798727431
0.026950458057398673
0.019690229728220106
0.014793247088851312
0.011411093560280541
0.011799729142412368
0.01543901461939661
0.020823099439722756
0.029058683413001753
0.04195546017924151
0.061848658083410626
0.08867884263752075
0.11148977855773987
0.11148977855773985
0.08867884263752074
0.061848658083410626
0.04195546017924151
0.029058683413001753
0.020823099439722756
0.01543901461939661
0.011799729142412368
0.011799729142412368
0.015439014619396611
0.020823099439722756
0.029058683413001753
0.04195546017924151
0.061848658083410626
0.08867884263752077
0.11148977855773985
0.11148977855773985
0.08867884263752077
0.06184865808341062
0.041955460179241504
0.029058683413001753
0.020823099439722752
0.015439014619396611
0.011799729142412365
0.011411093560280541
0.014793247088851312
0.01969022972822011
0.026950458057398673
0.03781101798727431
0.053503151519290304
0.07303919204738749
0.08867906807136518
0.08867906807136518
0.07303919204738749
0.053503151519290304
0.037811017987274306
0.026950458057398673
0.0196902297282201
0.014793247088851312
0.011411093560280543
0.010703350301922921
0.013646100001272967
0.01774685545439185
0.023509452797683978
0.031507497179174275
0.041955615463929154
0.0535032218232054
0.06184875580392319
0.061848755803923204
0.053503221823205396
0.04195561546392915
0.031507497179174275
0.023509452797683978
0.01774685545439185
0.013646100001272967
0.01070335030192292
0.012214641205937357
0.015439022948466346
0.019690241513930472
0.025117375970941134
0.031507516276628796
0.03781113053216345
0.04195570347180561
0.04195570347180561
0.03781113053216345
0.031507516276628796
0.025117375970941134
0.019690241513930472
0.015439022948466346
0.01221464120593736
0.010703348066835204
0.013134504547517765
0.01614124997071318
0.019690250059616523
0.023509474105960746
0.026950503661843775
0.029058677623849477
0.029058677623849477
0.026950503661843775
0.02350947410596075
0.01969025005961652
0.01614124997071318
0.013134504547517767
0.010703348066835202
0.011046339200804976
0.0131345084952425
0.015439042220747873
0.01774687555767884
0.019690262645524696
0.02082313546369839
0.020823135463698385
0.019690262645524696
0.017746875557678836
0.015439042220747877
0.013134508495242498
0.011046339200804976
0.010703354916313992
0.012214648819256536
0.01364611482645987
0.014793279333168829
0.01543905731585173
0.01543905731585173
0.01479327933316883
0.01364611482645987
0.012214648819256536
0.010703354916313992
0.010703358706017518
0.011411107229330527
0.011799747854884874
0.011799747854884874
0.011411107229330527
0.010703358706017518
0.014532377389214524
0.014984739319457183
0.014984739319457183
0.014532377389214528
0.015464907759635516
0.017100532411612118
0.018388336603623483
0.019104580383384764
0.019104580383384768
0.018388336603623483
0.01710053241161212
0.015464907759635516
0.01651965498781885
0.019104567926165092
0.021614622907203944
0.023670504438570387
0.024845607828231208
0.024845607828231208
0.02367050443857039
0.021614622907203944
0.019104567926165092
0.01651965498781885
0.01651964727462012
0.01987642339516693
0.023670489775369792
0.027566329378447628
0.03092348166133375
0.03291334022740882
0.03291334022740882
0.030923481661333747
0.02756632937844762
0.023670489775369792
0.01987642339516693
0.01651964727462012
0.015464891370189958
0.01910456017825611
0.023670482525237426
0.02915233507270626
0.03516438252480259
0.04068215462817847
0.044110462266862584
0.044110462266862584
0.04068215462817848
0.035164382524802584
0.029152335072706263
0.023670482525237426
0.01910456017825611
0.015464891370189958
0.017100511785097805
0.021614605828835183
0.027566306899503436
0.03516435662135016
0.044110417197273634
0.052935437155399744
0.05873796367422373
0.05873796367422373
0.052935437155399744
0.044110417197273634
0.03516435662135016
0.02756630689950343
0.02161460582883518
0.017100511785097805
0.014532360725054025
0.018388314836242158
0.02367047817953091
0.030923429927746708
0.04068208469486713
0.05293539921333997
0.06588931668878864
0.07490454150208804
0.07490454150208803
0.06588931668878865
0.052935399213339965
0.04068208469486713
0.030923429927746708
0.02367047817953091
0.018388314836242155
0.014532360725054025
0.014984707221160628
0.01910455226852635
0.024845571951575593
0.03291327178631852
0.04411038603211986
0.058737931665828066
0.07490449455056876
0.08658793985291728
0.08658793985291728
0.07490449455056875
0.058737931665828066
0.04411038603211986
0.03291327178631852
0.024845571951575593
0.01910455226852635
0.014984707221160626
0.014984707221160626
0.01910455226852635
0.024845571951575593
0.03291327178631852
0.04411038603211984
0.05873793166582806
0.07490449455056876
0.08658793985291728
0.08658793985291728
0.07490449455056875
0.05873793166582806
0.04411038603211986
0.03291327178631852
0.024845571951575593
0.01910455226852635
0.014984707221160624
0.014532360725054025
0.018388314836242155
0.02367047817953091
0.030923429927746708
0.04068208469486713
0.052935399213339965
0.06588931668878864
0.07490454150208804
0.07490454150208803
0.06588931668878864
0.052935399213339965
0.04068208469486712
0.03092342992774671
0.023670478179530906
0.018388314836242158
0.014532360725054025
0.017100511785097805
0.021614605828835187
0.027566306899503432
0.03516435662135016
0.04411041719727363
0.052935437155399744
0.05873796367422373
0.05873796367422373
0.05293543715539975
0.044110417197273634
0.03516435662135016
0.02756630689950343
0.02161460582883519
0.017100511785097805
0.01546489137018996
0.019104560178256107
0.02367048252523743
0.029152335072706266
0.03516438252480259
0.04068215462817848
0.04411046226686259
0.04411046226686259
0.04068215462817848
0.03516438252480259
0.02915233507270626
0.023670482525237426
0.019104560178256107
0.015464891370189957
0.01651964727462012
0.019876423395166935
0.023670489775369792
0.027566329378447624
0.03092348166133375
0.03291334022740882
0.03291334022740882
0.030923481661333747
0.02756632937844762
0.023670489775369792
0.019876423395166935
0.01651964727462012
0.01651965498781885
0.01910456792616509
0.02161462290720394
0.023670504438570387
0.024845607828231208
0.02484560782823121
0.02367050443857039
0.021614622907203944
0.01910456792616509
0.01651965498781885
0.015464907759635514
0.01710053241161212
0.018388336603623486
0.019104580383384768
0.01910458038338477
0.018388336603623483
0.01710053241161212
0.015464907759635514
0.014532377389214526
0.014984739319457183
0.014984739319457183
0.014532377389214524
0.0192660497245925
0.020539993221481073
0.021239544073625185
0.02123954407362518
0.020539993221481076
0.0192660497245925
0.018684488964394036
0.021239535010099474
0.023642121573844117
0.025555394131379028
0.02662781810107716
0.026627818101077165
0.025555394131379024
0.023642121573844117
0.021239535010099477
0.01868448896439404
0.0186844896246612
0.021986364500130477
0.025555385999765878
0.029054192188569892
0.03194441378453658
0.033606236987924636
0.03360623698792464
0.03194441378453658
0.029054192188569892
0.025555385999765874
0.021986364500130477
0.018684489624661196
0.021239526286330586
0.02555537943948548
0.03043355413724324
0.03544245809118368
0.03975867591617081
0.042317051924833586
0.042317051924833586
0.03975867591617083
0.03544245809118368
0.030433554137243243
0.025555379439485475
0.021239526286330586
0.019266033822406672
0.023642096026271153
0.029054176951460977
0.03544244179915175
0.04231703988156388
0.04851086097064142
0.052305548720589685
0.05230554872058968
0.0485108609706414
0.04231703988156388
0.03544244179915176
0.029054176951460974
0.023642096026271153
0.019266033822406672
0.02053996945152392
0.02555537445962717
0.03194434669631044
0.03975864352452166
0.048510840914029546
0.05671335397313662
0.061892684747813786
0.0618926847478138
0.056713353973136614
0.048510840914029546
0.03975864352452166
0.03194434669631044
0.02555537445962717
0.020539969451523917
0.02123951737313965
0.026627796442912553
0.03360617387402637
0.04231701574342154
0.05230550191465117
0.06189261630233124
0.0680598874145587
0.0680598874145587
0.061892616302331234
0.05230550191465117
0.04231701574342153
0.03360617387402637
0.026627796442912553
0.02123951737313965
0.021239517373139654
0.026627796442912556
0.03360617387402637
0.04231701574342153
0.052305501914651165
0.06189261630233124
0.0680598874145587
0.0680598874145587
0.06189261630233124
0.05230550191465117
0.04231701574342153
0.03360617387402637
0.02662779644291255
0.021239517373139654
0.02053996945152392
0.02555537445962717
0.031944346696310445
0.03975864352452165
0.048510840914029546
0.05671335397313662
0.06189268474781379
0.061892684747813786
0.056713353973136614
0.048510840914029546
0.03975864352452166
0.03194434669631044
0.02555537445962717
0.02053996945152392
0.019266033822406672
0.023642096026271157
0.02905417695146098
0.03544244179915176
0.04231703988156388
0.0485108609706414
0.052305548720589685
0.052305548720589685
0.04851086097064141
0.04231703988156388
0.03544244179915176
0.029054176951460977
0.023642096026271153
0.019266033822406672
0.021239526286330586
0.02555537943948548
0.030433554137243236
0.03544245809118368
0.03975867591617082
0.042317051924833586
0.042317051924833586
0.03975867591617083
0.03544245809118368
0.03043355413724324
0.02555537943948548
0.021239526286330586
0.018684489624661196
0.021986364500130473
0.025555385999765878
0.02905419218856989
0.03194441378453658
0.033606236987924636
0.03360623698792464
0.03194441378453658
0.029054192188569892
0.025555385999765874
0.02198636450013048
0.018684489624661196
0.018684488964394036
0.021239535010099477
0.023642121573844117
0.025555394131379028
0.026627818101077165
0.026627818101077165
0.025555394131379024
0.023642121573844117
0.021239535010099474
0.01868448896439404
0.0192660497245925
0.020539993221481073
0.021239544073625185
0.021239544073625185
0.020539993221481073
0.0192660497245925
0.02430195006016856
0.025959422212693158
0.02687222051587488
0.02687222051587488
0.02595942221269315
0.02430195006016856
0.022836584938498362
0.025959413816694657
0.028895899554501874
0.031234436791593486
0.0325451747788143
0.032545174778814294
0.03123443679159349
0.028895899554501867
0.025959413816694657
0.022836584938498362
0.025959415261346156
0.030021496966335246
0.03396585453738548
0.03719650882181706
0.03904307748901981
0.03904307748901981
0.03719650882181706
0.03396585453738548
0.030021496966335246
0.02595941526134616
0.02430193415034493
0.02889588902421847
0.03396583189972731
0.0390430744905225
0.0433185034485032
0.045810826939978656
0.04581082693997865
0.0433185034485032
0.039043074490522495
0.03396583189972731
0.028895889024218465
0.024301934150344928
0.02595940436369725
0.031234388189222487
0.03719648592930819
0.043318500973779275
0.0485938839698854
0.05172078630064658
0.05172078630064658
0.0485938839698854
0.04331850097377929
0.03719648592930819
0.031234388189222487
0.02595940436369725
0.026872198656354145
0.03254514063909286
0.03904305878002445
0.045810813315723134
0.05172077341322931
0.0552581810987116
0.0552581810987116
0.051720773413229316
0.045810813315723134
0.03904305878002445
0.032545140639092855
0.026872198656354145
0.026872198656354145
0.032545140639092855
0.03904305878002446
0.04581081331572312
0.051720773413229316
0.0552581810987116
0.0552581810987116
0.051720773413229316
0.04581081331572312
0.03904305878002445
0.032545140639092855
0.02687219865635414
0.025959404363697255
0.031234388189222487
0.03719648592930819
0.04331850097377929
0.0485938839698854
0.05172078630064658
0.05172078630064658
0.0485938839698854
0.04331850097377928
0.03719648592930819
0.031234388189222487
0.02595940436369725
0.02430193415034493
0.02889588902421847
0.03396583189972731
0.039043074490522495
0.0433185034485032
0.045810826939978656
0.045810826939978656
0.043318503448503215
0.03904307449052251
0.033965831899727315
0.02889588902421847
0.024301934150344928
0.025959415261346156
0.030021496966335243
0.03396585453738547
0.037196508821817055
0.03904307748901981
0.03904307748901981
0.03719650882181706
0.03396585453738548
0.030021496966335246
0.025959415261346153
0.022836584938498366
0.025959413816694657
0.028895899554501864
0.031234436791593486
0.0325451747788143
0.0325451747788143
0.03123443679159349
0.028895899554501867
0.025959413816694657
0.022836584938498362
0.02430195006016856
0.025959422212693154
0.026872220515874876
0.02687222051587488
0.025959422212693158
0.024301950060168557
0.0278287038775389
0.029668918326681584
0.030679377792881532
0.030679377792881532
0.029668918326681587
0.0278287038775389
0.02872046619089735
0.03175811780429187
0.034149750875479765
0.03547992067708711
0.0354799206770871
0.034149750875479765
0.03175811780429187
0.02872046619089735
0.0278286969735243
0.03175810347879943
0.0354798993880462
0.03846242334932603
0.040141430114466345
0.040141430114466345
0.038462423349326036
0.0354798993880462
0.031758103478799427
0.027828696973524306
0.029668894294463812
0.03414972566211932
0.038462418422462466
0.04196717314760087
0.04395946244562083
0.04395946244562083
0.04196717314760088
0.038462418422462466
0.03414972566211931
0.029668894294463812
0.030679350635299057
0.0354798950029714
0.04014141275595748
0.043959472111251674
0.04614178558720106
0.04614178558720106
0.043959472111251674
0.040141412755957485
0.03547989500297139
0.030679350635299057
0.030679350635299057
0.0354798950029714
0.04014141275595748
0.04395947211125168
0.04614178558720106
0.046141785587201056
0.04395947211125168
0.04014141275595748
0.03547989500297139
0.030679350635299057
0.02966889429446381
0.03414972566211931
0.038462418422462466
0.04196717314760088
0.04395946244562084
0.04395946244562083
0.04196717314760088
0.03846241842246246
0.03414972566211931
0.02966889429446381
0.027828696973524306
0.031758103478799427
0.0354798993880462
0.03846242334932603
0.04014143011446635
0.04014143011446635
0.03846242334932603
0.0354798993880462
0.03175810347879943
0.027828696973524306
0.028720466190897347
0.03175811780429187
0.034149750875479765
0.0354799206770871
0.0354799206770871
0.03414975087547976
0.03175811780429187
0.028720466190897347
0.027828703877538906
0.029668918326681587
0.030679377792881532
0.03067937779288153
0.02966891832668158
0.027828703877538895
0.031140830647614567
0.032110088471089364
0.032110088471089364
0.031140830647614564
0.03211008647678139
0.03423330749422185
0.035399230518450356
0.035399230518450356
0.03423330749422185
0.032110086476781395
0.031140840880007074
0.03423330641435502
0.03664394746127631
0.03797561308508053
0.03797561308508053
0.03664394746127631
0.03423330641435502
0.031140840880007077
0.03211008231807109
0.03539923077809842
0.03797559761469188
0.03940351464768979
0.03940351464768979
0.03797559761469188
0.03539923077809842
0.03211008231807109
0.03211008231807109
0.035399230778098416
0.03797559761469188
0.039403514647689784
0.03940351464768979
0.03797559761469188
0.035399230778098416
0.03211008231807109
0.031140840880007077
0.03423330641435502
0.036643947461276305
0.03797561308508053
0.03797561308508053
0.03664394746127631
0.03423330641435502
0.031140840880007074
0.032110086476781395
0.03423330749422185
0.035399230518450356
0.035399230518450356
0.03423330749422185
0.03211008647678139
0.031140830647614567
0.032110088471089364
0.03211008847108936
0.03114083064761456