-0.20807531645664434
-0.21456618161037475
-0.21456618161037477
-0.20807531645664434
-0.21456617561573896
-0.22878810768992405
-0.23659953744645165
-0.23659953744645165
-0.22878810768992408
-0.21456617561573899
-0.20807533351288127
-0.22878809953339638
-0.2449413919838746
-0.25386651070471195
-0.25386651070471195
-0.2449413919838746
-0.22878809953339638
-0.20807533351288127
-0.21456616414542254
-0.23659956081679362
-0.2538664926439488
-0.26343852744003193
-0.26343852744003193
-0.25386649264394884
-0.23659956081679362
-0.21456616414542254
-0.2145661641454225
-0.2365995608167936
-0.2538664926439488
-0.26343852744003193
-0.26343852744003193
-0.25386649264394884
-0.23659956081679362
-0.2145661641454225
-0.20807533351288127
-0.22878809953339638
-0.24494139198387457
-0.25386651070471195
-0.25386651070471195
-0.24494139198387457
-0.22878809953339638
-0.20807533351288127
-0.21456617561573899
-0.22878810768992408
-0.23659953744645165
-0.23659953744645165
-0.22878810768992405
-0.21456617561573896
-0.20807531645664434
-0.21456618161037477
-0.21456618161037475
-0.20807531645664434
-0.18595762060377263
-0.19828326881856218
-0.20505310816375488
-0.20505310816375488
-0.19828326881856218
-0.1859576206037727
-0.19193034266071637
-0.21228174651208762
-0.22831251493068513
-0.23723118065028848
-0.2372311806502885
-0.22831251493068513
-0.21228174651208764
-0.19193034266071635
-0.18595750464538563
-0.21228170015153366
-0.23723112977578437
-0.2572364757521043
-0.26850244240153276
-0.2685024424015327
-0.2572364757521043
-0.23723112977578437
-0.21228170015153366
-0.18595750464538563
-0.19828313441059986
-0.22831241801658123
-0.2572368012679672
-0.2807567713741575
-0.2941330662297942
-0.2941330662297942
-0.28075677137415744
-0.25723680126796716
-0.22831241801658125
-0.19828313441059986
-0.20505300709258742
-0.23723107805863436
-0.2685028225646863
-0.2941332772008555
-0.3087905031703089
-0.3087905031703089
-0.2941332772008555
-0.2685028225646863
-0.23723107805863433
-0.20505300709258745
-0.2050530070925874
-0.23723107805863433
-0.26850282256468627
-0.2941332772008555
-0.308790503170309
-0.3087905031703089
-0.2941332772008556
-0.2685028225646864
-0.23723107805863436
-0.2050530070925874
-0.19828313441059986
-0.22831241801658125
-0.2572368012679671
-0.28075677137415744
-0.29413306622979424
-0.29413306622979424
-0.28075677137415744
-0.25723680126796716
-0.22831241801658123
-0.1982831344105999
-0.18595750464538563
-0.21228170015153366
-0.23723112977578442
-0.2572364757521043
-0.2685024424015327
-0.2685024424015327
-0.2572364757521043
-0.23723112977578437
-0.21228170015153364
-0.1859575046453856
-0.1919303426607164
-0.21228174651208764
-0.22831251493068516
-0.23723118065028848
-0.23723118065028848
-0.22831251493068513
-0.21228174651208762
-0.19193034266071635
-0.18595762060377266
-0.19828326881856218
-0.20505310816375488
-0.20505310816375488
-0.19828326881856218
-0.1859576206037727
-0.16240269213677347
-0.17350663740385516
-0.17962324453326686
-0.1796232445332669
-0.17350663740385514
-0.1624026921367735
-0.1525888088801541
-0.17350662131322012
-0.19318774217387147
-0.20886865823060496
-0.21766124070929632
-0.21766124070929635
-0.20886865823060494
-0.19318774217387147
-0.17350662131322012
-0.1525888088801541
-0.17350664719832884
-0.20073423296884788
-0.22719389021501352
-0.2488818293571801
-0.26128406618145217
-0.26128406618145217
-0.2488818293571801
-0.22719389021501352
-0.20073423296884785
-0.17350664719832884
-0.16240274203505906
-0.19318765017182243
-0.22719382993760487
-0.2612841814493369
-0.2900173355592996
-0.3067785954051656
-0.30677859540516567
-0.2900173355592996
-0.26128418144933696
-0.22719382993760484
-0.1931876501718224
-0.16240274203505906
-0.17350653814429204
-0.2088685067179675
-0.24888216022026668
-0.29001745987825595
-0.32550540391997024
-0.3465587165463077
-0.3465587165463077
-0.3255054039199702
-0.29001745987825595
-0.24888216022026668
-0.2088685067179675
-0.173506538144292
-0.1796231119916581
-0.2176610757793534
-0.26128452757650006
-0.30677885295884755
-0.3465585795318864
-0.37039243867848015
-0.37039243867848015
-0.3465585795318864
-0.30677885295884755
-0.26128452757650006
-0.2176610757793534
-0.17962311199165812
-0.1796231119916581
-0.21766107577935337
-0.26128452757650006
-0.3067788529588475
-0.3465585795318864
-0.37039243867848015
-0.37039243867848015
-0.34655857953188646
-0.3067788529588475
-0.26128452757650006
-0.2176610757793534
-0.1796231119916581
-0.17350653814429204
-0.2088685067179675
-0.2488821602202667
-0.29001745987825595
-0.32550540391997024
-0.3465587165463077
-0.3465587165463077
-0.32550540391997024
-0.29001745987825595
-0.2488821602202667
-0.2088685067179675
-0.173506538144292
-0.16240274203505908
-0.1931876501718224
-0.22719382993760484
-0.26128418144933696
-0.29001733555929965
-0.3067785954051656
-0.3067785954051656
-0.2900173355592996
-0.26128418144933696
-0.2271938299376049
-0.19318765017182243
-0.16240274203505906
-0.17350664719832884
-0.20073423296884785
-0.22719389021501352
-0.2488818293571801
-0.26128406618145217
-0.26128406618145217
-0.24888182935718012
-0.22719389021501352
-0.20073423296884788
-0.17350664719832884
-0.1525888088801541
-0.17350662131322012
-0.1931877421738714
-0.20886865823060494
-0.21766124070929635
-0.21766124070929635
-0.20886865823060494
-0.19318774217387147
-0.17350662131322012
-0.1525888088801541
-0.1624026921367735
-0.17350663740385514
-0.1796232445332669
-0.17962324453326683
-0.17350663740385516
-0.1624026921367735
-0.12873996018547884
-0.13727318700740776
-0.14195998035664564
-0.14195998035664564
-0.13727318700740776
-0.12873996018547884
-0.12484542472818158
-0.14196003478267186
-0.1580627397201344
-0.17089264697620843
-0.17808661498614972
-0.1780866149861497
-0.17089264697620848
-0.1580627397201344
-0.14196003478267188
-0.12484542472818158
-0.12484547921212073
-0.14696451820439377
-0.17089261566666034
-0.1943698151920093
-0.21377775659790968
-0.2249436101789405
-0.22494361017894052
-0.21377775659790968
-0.1943698151920093
-0.1708926156666603
-0.14696451820439374
-0.12484547921212072
-0.14196003626039128
-0.170892638854572
-0.20363033514400958
-0.23728654662668466
-0.26632263756628655
-0.28354805264930333
-0.28354805264930333
-0.26632263756628655
-0.23728654662668466
-0.20363033514400952
-0.170892638854572
-0.14196003626039128
-0.1287400758100424
-0.15806279988295643
-0.19436971531783584
-0.2372864705678456
-0.28354806650655556
-0.3252981956951557
-0.350910655893599
-0.350910655893599
-0.3252981956951557
-0.28354806650655556
-0.2372864705678456
-0.19436971531783584
-0.15806279988295643
-0.1287400758100424
-0.13727329360905122
-0.1708926635269578
-0.21377746912505258
-0.26632286816908946
-0.3252982794304134
-0.3806948009775804
-0.41573781354765865
-0.4157378135476587
-0.3806948009775804
-0.32529827943041334
-0.26632286816908946
-0.21377746912505258
-0.1708926635269578
-0.13727329360905122
-0.14196026364355713
-0.17808647758759805
-0.22494329017380546
-0.28354853875918046
-0.3509107699832177
-0.4157375171410442
-0.4575346104427505
-0.45753461044275046
-0.4157375171410441
-0.35091076998321774
-0.2835485387591804
-0.22494329017380543
-0.17808647758759805
-0.14196026364355713
-0.14196026364355713
-0.17808647758759805
-0.22494329017380546
-0.2835485387591804
-0.3509107699832177
-0.4157375171410442
-0.45753461044275046
-0.45753461044275046
-0.4157375171410441
-0.3509107699832177
-0.2835485387591804
-0.22494329017380546
-0.17808647758759805
-0.14196026364355716
-0.13727329360905122
-0.1708926635269578
-0.21377746912505255
-0.26632286816908946
-0.3252982794304134
-0.38069480097758046
-0.41573781354765865
-0.41573781354765865
-0.3806948009775804
-0.32529827943041334
-0.26632286816908946
-0.21377746912505258
-0.1708926635269578
-0.13727329360905122
-0.12874007581004243
-0.1580627998829564
-0.1943697153178358
-0.2372864705678456
-0.2835480665065556
-0.3252981956951558
-0.35091065589359893
-0.35091065589359893
-0.3252981956951557
-0.2835480665065555
-0.23728647056784558
-0.1943697153178358
-0.1580627998829564
-0.1287400758100424
-0.14196003626039128
-0.17089263885457204
-0.20363033514400958
-0.23728654662668466
-0.2663226375662866
-0.28354805264930333
-0.28354805264930333
-0.2663226375662866
-0.23728654662668466
-0.20363033514400955
-0.17089263885457204
-0.14196003626039128
-0.12484547921212072
-0.14696451820439377
-0.17089261566666034
-0.19436981519200933
-0.21377775659790968
-0.22494361017894052
-0.2249436101789405
-0.21377775659790968
-0.19436981519200933
-0.1708926156666603
-0.14696451820439377
-0.12484547921212073
-0.12484542472818158
-0.14196003478267186
-0.1580627397201344
-0.17089264697620848
-0.1780866149861497
-0.1780866149861497
-0.17089264697620848
-0.15806273972013438
-0.14196003478267186
-0.12484542472818158
-0.12873996018547884
-0.13727318700740776
-0.14195998035664564
-0.14195998035664562
-0.13727318700740776
-0.12873996018547884
-0.09710192418047298
-0.10013101966342729
-0.10013101966342729
-0.09710192418047298
-0.10334711298403594
-0.11430559276306958
-0.12293774099017887
-0.12774009192571106
-0.12774009192571106
-0.12293774099017887
-0.11430559276306956
-0.10334711298403594
-0.1104131856671934
-0.12774013788291683
-0.144578158829847
-0.15837922822592335
-0.16627165454726744
-0.1662716545472675
-0.15837922822592332
-0.144578158829847
-0.12774013788291683
-0.11041318566719341
-0.11041317456932476
-0.13291656013878994
-0.1583792263982836
-0.1845564408877575
-0.2071396998665766
-0.2205373141177516
-0.22053731411775157
-0.2071396998665766
-0.1845564408877575
-0.15837922639828358
-0.13291656013878994
-0.11041317456932476
-0.10334703439522466
-0.12774016688285453
-0.158379196795855
-0.19522264983162851
-0.23570431400552108
-0.2729306735175938
-0.29609606172052066
-0.2960960617205207
-0.2729306735175938
-0.2357043140055211
-0.1952226498316285
-0.15837919679585497
-0.12774016688285453
-0.10334703439522468
-0.11430550655304683
-0.1445781959357779
-0.18455641573700196
-0.23570412261506374
-0.29609604236996945
-0.35586069568870204
-0.39526555673858244
-0.39526555673858244
-0.35586069568870204
-0.29609604236996945
-0.2357041226150638
-0.18455641573700193
-0.1445781959357779
-0.1143055065530468
-0.09710183395138654
-0.12293793457534496
-0.15837928050091885
-0.20713948741586197
-0.2729308308579157
-0.3558608627187321
-0.44395932457820786
-0.5055612202636809
-0.5055612202636809
-0.4439593245782078
-0.3558608627187321
-0.2729308308579157
-0.20713948741586197
-0.15837928050091882
-0.12293793457534496
-0.09710183395138654
-0.1001308833441487
-0.1277402976635369
-0.1662715821622774
-0.22053699233306426
-0.2960964856419796
-0.39526538989004756
-0.5055618442939711
-0.5857897691509739
-0.5857897691509739
-0.5055618442939711
-0.39526538989004756
-0.2960964856419796
-0.22053699233306426
-0.1662715821622774
-0.1277402976635369
-0.1001308833441487
-0.1001308833441487
-0.1277402976635369
-0.1662715821622774
-0.22053699233306429
-0.29609648564197955
-0.3952653898900475
-0.5055618442939711
-0.5857897691509739
-0.5857897691509739
-0.5055618442939711
-0.3952653898900475
-0.29609648564197955
-0.22053699233306429
-0.1662715821622774
-0.12774029766353692
-0.1001308833441487
-0.09710183395138655
-0.12293793457534498
-0.15837928050091885
-0.207139487415862
-0.2729308308579157
-0.35586086271873213
-0.44395932457820775
-0.5055612202636808
-0.5055612202636809
-0.44395932457820775
-0.3558608627187321
-0.2729308308579157
-0.20713948741586197
-0.15837928050091885
-0.12293793457534498
-0.09710183395138652
-0.11430550655304683
-0.1445781959357779
-0.18455641573700196
-0.23570412261506377
-0.2960960423699695
-0.35586069568870204
-0.39526555673858244
-0.39526555673858244
-0.35586069568870204
-0.2960960423699695
-0.23570412261506377
-0.18455641573700196
-0.14457819593577792
-0.1143055065530468
-0.10334703439522466
-0.12774016688285453
-0.158379196795855
-0.19522264983162851
-0.23570431400552108
-0.2729306735175938
-0.2960960617205207
-0.2960960617205207
-0.27293067351759387
-0.2357043140055211
-0.19522264983162854
-0.158379196795855
-0.12774016688285453
-0.10334703439522466
-0.11041317456932478
-0.13291656013878994
-0.15837922639828364
-0.1845564408877575
-0.2071396998665766
-0.22053731411775157
-0.2205373141177516
-0.2071396998665766
-0.1845564408877575
-0.1583792263982836
-0.13291656013878994
-0.11041317456932476
-0.11041318566719338
-0.12774013788291683
-0.14457815882984698
-0.15837922822592335
-0.16627165454726744
-0.16627165454726747
-0.15837922822592335
-0.144578158829847
-0.12774013788291683
-0.11041318566719341
-0.10334711298403594
-0.11430559276306956
-0.1229377409901789
-0.12774009192571106
-0.12774009192571106
-0.12293774099017889
-0.11430559276306956
-0.10334711298403594
-0.09710192418047298
-0.10013101966342729
-0.10013101966342729
-0.09710192418047299
-0.07152218624056432
-0.07626284764014302
-0.07886666675008805
-0.07886666675008805
-0.076262847640143
-0.07152218624056432
-0.071522193615311
-0.08164693139283782
-0.0912428880492278
-0.09893698564938436
-0.10327007805047403
-0.10327007805047403
-0.09893698564938436
-0.0912428880492278
-0.08164693139283781
-0.071522193615311
-0.07381943080283415
-0.08781261170797522
-0.10327004883509863
-0.11876532562656528
-0.13182609356430147
-0.13944483277820993
-0.13944483277820993
-0.13182609356430147
-0.11876532562656525
-0.10327004883509863
-0.08781261170797522
-0.07381943080283417
-0.0715221983614258
-0.08781261995532501
-0.10798314919580801
-0.131826075231021
-0.15752668019660926
-0.18072127214051323
-0.1949504421043763
-0.19495044210437631
-0.18072127214051323
-0.1575266801966093
-0.131826075231021
-0.10798314919580801
-0.08781261995532501
-0.0715221983614258
-0.0816469339023393
-0.10326996334426855
-0.1318260753220561
-0.16836030803923577
-0.211497078182921
-0.2541863801790958
-0.28233283630378303
-0.2823328363037831
-0.2541863801790958
-0.21149707818292102
-0.16836030803923577
-0.13182607532205612
-0.10326996334426858
-0.0816469339023393
-0.07152219894658868
-0.0912427963114616
-0.11876523500875329
-0.15752664035110348
-0.21149701749193875
-0.282332662510783
-0.3611149434376232
-0.418420595974794
-0.418420595974794
-0.3611149434376233
-0.28233266251078304
-0.21149701749193878
-0.15752664035110348
-0.11876523500875329
-0.0912427963114616
-0.07152219894658868
-0.07626283842443649
-0.09893685224189815
-0.1318261771583428
-0.18072119126717476
-0.25418654135385127
-0.36111487152453103
-0.4958353501483651
-0.605391036273671
-0.605391036273671
-0.4958353501483651
-0.36111487152453103
-0.25418654135385127
-0.18072119126717476
-0.13182617715834283
-0.09893685224189813
-0.07626283842443649
-0.07886663537667657
-0.10326991321985707
-0.1394449987008291
-0.19495016946315308
-0.282332913421974
-0.41842017652232205
-0.6053942972614482
-0.7693703308971098
-0.7693703308971098
-0.6053942972614482
-0.4184201765223221
-0.28233291342197403
-0.1949501694631531
-0.1394449987008291
-0.10326991321985708
-0.07886663537667657
-0.07886663537667657
-0.10326991321985707
-0.13944499870082913
-0.1949501694631531
-0.28233291342197403
-0.4184201765223221
-0.6053942972614481
-0.7693703308971096
-0.7693703308971096
-0.6053942972614482
-0.4184201765223221
-0.28233291342197403
-0.1949501694631531
-0.1394449987008291
-0.10326991321985707
-0.07886663537667657
-0.07626283842443649
-0.09893685224189815
-0.13182617715834286
-0.18072119126717473
-0.25418654135385127
-0.361114871524531
-0.495835350148365
-0.605391036273671
-0.605391036273671
-0.4958353501483651
-0.361114871524531
-0.2541865413538512
-0.18072119126717476
-0.13182617715834283
-0.09893685224189812
-0.0762628384244365
-0.07152219894658869
-0.09124279631146161
-0.1187652350087533
-0.15752664035110348
-0.21149701749193875
-0.28233266251078304
-0.3611149434376232
-0.418420595974794
-0.41842059597479403
-0.3611149434376232
-0.28233266251078304
-0.21149701749193875
-0.15752664035110348
-0.11876523500875329
-0.09124279631146161
-0.07152219894658869
-0.08164693390233932
-0.10326996334426858
-0.1318260753220561
-0.16836030803923574
-0.21149707818292102
-0.25418638017909584
-0.2823328363037831
-0.28233283630378303
-0.2541863801790958
-0.21149707818292102
-0.16836030803923574
-0.13182607532205606
-0.10326996334426858
-0.08164693390233932
-0.07152219836142579
-0.08781261995532502
-0.10798314919580801
-0.13182607523102102
-0.15752668019660926
-0.18072127214051323
-0.19495044210437631
-0.19495044210437631
-0.18072127214051323
-0.15752668019660926
-0.131826075231021
-0.10798314919580801
-0.08781261995532501
-0.0715221983614258
-0.07381943080283417
-0.08781261170797522
-0.10327004883509863
-0.11876532562656528
-0.13182609356430147
-0.13944483277820993
-0.1394448327782099
-0.13182609356430147
-0.11876532562656528
-0.10327004883509865
-0.08781261170797522
-0.07381943080283417
-0.07152219361531098
-0.08164693139283781
-0.09124288804922778
-0.09893698564938436
-0.10327007805047403
-0.10327007805047403
-0.09893698564938434
-0.0912428880492278
-0.08164693139283782
-0.071522193615311
-0.07152218624056432
-0.07626284764014302
-0.07886666675008806
-0.07886666675008805
-0.07626284764014302
-0.07152218624056432
-0.041615117032199916
-0.04575767977944009
-0.048988130017530315
-0.05077315187851216
-0.050773151878512154
-0.048988130017530315
-0.04575767977944009
-0.04161511703219992
-0.04575766269220288
-0.05268752974240948
-0.05936213341625608
-0.06478999800064773
-0.06787684927432598
-0.067876849274326
-0.06478999800064773
-0.059362133416256076
-0.05268752974240948
-0.04575766269220288
-0.04731994481621335
-0.056964141342288804
-0.0678768416819433
-0.07909565414725021
-0.08877422071350971
-0.09451605557769113
-0.09451605557769112
-0.08877422071350971
-0.07909565414725021
-0.0678768416819433
-0.0569641413422888
-0.04731994481621335
-0.045757658246143765
-0.0569641228093834
-0.07125929200836786
-0.08877418545624384
-0.10843271298139001
-0.12689841949345826
-0.1385794942669256
-0.13857949426692556
-0.12689841949345823
-0.10843271298139001
-0.08877418545624383
-0.07125929200836786
-0.0569641228093834
-0.04575765824614377
-0.04161508014122313
-0.05268749505207709
-0.06787682826572765
-0.0887741212124369
-0.11697010274238458
-0.15251184212707725
-0.19026854032425342
-0.2166692944662136
-0.2166692944662136
-0.1902685403242534
-0.15251184212707725
-0.11697010274238458
-0.08877412121243689
-0.06787682826572765
-0.05268749505207709
-0.04161508014122313
-0.04575764124523542
-0.059362249837332154
-0.07909557103171758
-0.10843258793530385
-0.15251177040352518
-0.2166689593672985
-0.29750180634858525
-0.36323520118852903
-0.363235201188529
-0.29750180634858525
-0.21666895936729846
-0.15251177040352518
-0.10843258793530383
-0.07909557103171758
-0.05936224983733216
-0.04575764124523542
-0.048988082522850265
-0.0647899971461389
-0.08877406422085404
-0.12689834374169986
-0.19026825673473058
-0.2975009824178405
-0.46162223698524896
-0.61180034737392
-0.61180034737392
-0.4616222369852489
-0.2975009824178405
-0.19026825673473058
-0.12689834374169986
-0.08877406422085404
-0.0647899971461389
-0.048988082522850265
-0.05077309768677304
-0.06787680649604048
-0.09451585158974449
-0.13857941688326014
-0.21666861525823664
-0.36323439108484906
-0.6118006346046527
-0.7257511332246707
-0.7257511332246708
-0.6118006346046527
-0.3632343910848491
-0.21666861525823666
-0.13857941688326014
-0.09451585158974449
-0.06787680649604047
-0.05077309768677303
-0.05077309768677303
-0.0678768064960405
-0.0945158515897445
-0.13857941688326017
-0.21666861525823666
-0.3632343910848491
-0.6118006346046528
-0.7257511332246708
-0.7257511332246708
-0.6118006346046527
-0.36323439108484906
-0.2166686152582366
-0.13857941688326014
-0.09451585158974449
-0.06787680649604047
-0.05077309768677303
-0.048988082522850265
-0.06478999714613888
-0.08877406422085406
-0.12689834374169986
-0.19026825673473058
-0.2975009824178405
-0.46162223698524896
-0.61180034737392
-0.61180034737392
-0.46162223698524896
-0.2975009824178405
-0.19026825673473058
-0.12689834374169986
-0.08877406422085404
-0.0647899971461389
-0.048988082522850265
-0.04575764124523542
-0.059362249837332154
-0.07909557103171758
-0.10843258793530383
-0.1525117704035252
-0.21666895936729852
-0.29750180634858525
-0.36323520118852903
-0.36323520118852903
-0.29750180634858525
-0.21666895936729852
-0.15251177040352518
-0.10843258793530383
-0.07909557103171756
-0.059362249837332154
-0.04575764124523542
-0.04161508014122313
-0.05268749505207708
-0.06787682826572766
-0.08877412121243687
-0.11697010274238458
-0.15251184212707725
-0.19026854032425342
-0.21666929446621358
-0.2166692944662136
-0.19026854032425342
-0.15251184212707725
-0.11697010274238458
-0.08877412121243689
-0.06787682826572766
-0.05268749505207709
-0.04161508014122313
-0.045757658246143765
-0.0569641228093834
-0.07125929200836786
-0.08877418545624383
-0.10843271298139001
-0.12689841949345823
-0.1385794942669256
-0.13857949426692556
-0.12689841949345826
-0.10843271298139001
-0.08877418545624383
-0.07125929200836785
-0.0569641228093834
-0.045757658246143765
-0.04731994481621334
-0.056964141342288804
-0.0678768416819433
-0.07909565414725023
-0.08877422071350971
-0.09451605557769113
-0.09451605557769113
-0.08877422071350971
-0.07909565414725023
-0.06787684168194331
-0.056964141342288804
-0.04731994481621335
-0.04575766269220288
-0.05268752974240948
-0.059362133416256097
-0.06478999800064773
-0.06787684927432598
-0.06787684927432598
-0.06478999800064772
-0.05936213341625609
-0.052687529742409485
-0.04575766269220288
-0.04161511703219992
-0.04575767977944009
-0.04898813001753031
-0.05077315187851216
-0.05077315187851216
-0.04898813001753031
-0.04575767977944009
-0.04161511703219992
-0.014304395258921274
-0.01577329792204357
-0.016924363760476388
-0.017562493003493128
-0.017562493003493128
-0.016924363760476388
-0.015773297922043565
-0.014304395258921274
-0.01577328976332012
-0.018248533623096277
-0.020653970845747917
-0.0226255550192975
-0.02375304346248897
-0.023753043462488965
-0.0226255550192975
-0.020653970845747913
-0.018248533623096277
-0.015773289763320122
-0.016329338441607513
-0.019787347704149614
-0.023753025886155316
-0.027888884553172563
-0.03150530036358762
-0.03367202926989739
-0.033672029269897395
-0.03150530036358761
-0.027888884553172566
-0.023753025886155316
-0.019787347704149617
-0.016329338441607513
-0.01577328232402821
-0.019787344546242938
-0.02499367065659998
-0.0315052696073017
-0.03899002036241278
-0.04619305383602982
-0.050837195223506895
-0.050837195223506895
-0.04619305383602981
-0.03899002036241279
-0.03150526960730169
-0.02499367065659998
-0.019787344546242935
-0.01577328232402821
-0.014304394798028253
-0.018248521445322328
-0.023753014830279487
-0.03150524747307433
-0.04229932208211895
-0.05646641885172021
-0.07222299628677906
-0.08368417551321862
-0.0836841755132186
-0.07222299628677906
-0.05646641885172021
-0.04229932208211895
-0.03150524747307433
-0.023753014830279483
-0.018248521445322328
-0.01430439479802825
-0.015773272409022578
-0.020653944460254252
-0.027888872917196886
-0.03898995893548059
-0.056466347058259314
-0.0836840236601154
-0.12107810977985672
-0.1538740621561201
-0.15387406215612012
-0.12107810977985671
-0.08368402366011542
-0.056466347058259314
-0.03898995893548059
-0.027888872917196883
-0.020653944460254252
-0.01577327240902258
-0.016924433677886992
-0.02262561845640618
-0.031505295538048136
-0.046193074244152386
-0.0722227750316311
-0.12107810406439151
-0.20393288359148987
-0.24191703713758908
-0.24191703713758916
-0.2039328835914899
-0.12107810406439151
-0.0722227750316311
-0.046193074244152386
-0.03150529553804813
-0.022625618456406177
-0.016924433677886992
-0.017562492561112
-0.023753052434702365
-0.03367193585922307
-0.05083722876875527
-0.08368378833901256
-0.15387443460955735
-0.2419171378161682
-0.2680259544152269
-0.2680259544152269
-0.241917137816168
-0.15387443460955735
-0.08368378833901256
-0.05083722876875528
-0.03367193585922307
-0.02375305243470236
-0.017562492561111996
-0.017562492561111996
-0.023753052434702365
-0.03367193585922307
-0.050837228768755266
-0.08368378833901256
-0.15387443460955738
-0.2419171378161681
-0.2680259544152269
-0.268025954415227
-0.24191713781616792
-0.15387443460955735
-0.08368378833901256
-0.050837228768755266
-0.033671935859223075
-0.02375305243470236
-0.017562492561112
-0.016924433677886992
-0.022625618456406177
-0.031505295538048136
-0.04619307424415239
-0.0722227750316311
-0.12107810406439151
-0.2039328835914899
-0.24191703713758905
-0.24191703713758905
-0.20393288359148984
-0.12107810406439148
-0.0722227750316311
-0.04619307424415239
-0.031505295538048136
-0.022625618456406177
-0.016924433677886992
-0.01577327240902258
-0.020653944460254252
-0.02788887291719689
-0.03898995893548059
-0.056466347058259314
-0.0836840236601154
-0.12107810977985672
-0.15387406215612015
-0.1538740621561201
-0.12107810977985671
-0.08368402366011542
-0.056466347058259314
-0.03898995893548059
-0.027888872917196883
-0.020653944460254252
-0.015773272409022578
-0.014304394798028253
-0.018248521445322328
-0.023753014830279487
-0.03150524747307433
-0.04229932208211895
-0.056466418851720206
-0.07222299628677904
-0.0836841755132186
-0.0836841755132186
-0.07222299628677906
-0.0564664188517202
-0.042299322082118944
-0.03150524747307433
-0.023753014830279487
-0.018248521445322328
-0.014304394798028251
-0.01577328232402821
-0.01978734454624293
-0.024993670656599975
-0.03150526960730169
-0.03899002036241279
-0.04619305383602981
-0.050837195223506895
-0.050837195223506895
-0.04619305383602981
-0.03899002036241279
-0.03150526960730169
-0.024993670656599975
-0.019787344546242935
-0.015773282324028207
-0.01632933844160751
-0.019787347704149614
-0.023753025886155316
-0.027888884553172566
-0.03150530036358761
-0.033672029269897395
-0.03367202926989739
-0.03150530036358761
-0.027888884553172566
-0.023753025886155313
-0.019787347704149614
-0.01632933844160751
-0.015773289763320122
-0.018248533623096273
-0.020653970845747913
-0.022625555019297493
-0.023753043462488962
-0.023753043462488962
-0.022625555019297496
-0.020653970845747917
-0.018248533623096273
-0.015773289763320122
-0.014304395258921274
-0.015773297922043565
-0.016924363760476385
-0.017562493003493128
-0.017562493003493124
-0.016924363760476388
-0.015773297922043565
-0.014304395258921274
0.014304395258921273
0.015773297922043565
0.016924363760476388
0.017562493003493124
0.017562493003493124
0.01692436376047638
0.015773297922043565
0.014304395258921269
0.015773289763320122
0.018248533623096277
0.020653970845747913
0.022625555019297496
0.023753043462488962
0.02375304346248896
0.022625555019297493
0.020653970845747913
0.01824853362309628
0.015773289763320122
0.01632933844160751
0.01978734770414961
0.023753025886155316
0.02788888455317257
0.03150530036358762
0.033672029269897395
0.0336720292698974
0.03150530036358761
0.027888884553172563
0.02375302588615532
0.019787347704149614
0.016329338441607513
0.01577328232402821
0.019787344546242935
0.02499367065659998
0.03150526960730169
0.03899002036241278
0.04619305383602982
0.0508371952235069
0.05083719522350689
0.04619305383602981
0.03899002036241279
0.03150526960730169
0.02499367065659997
0.019787344546242935
0.015773282324028207
0.014304394798028247
0.018248521445322328
0.02375301483027949
0.03150524747307433
0.04229932208211896
0.05646641885172019
0.07222299628677904
0.0836841755132186
0.08368417551321862
0.07222299628677903
0.05646641885172022
0.04229932208211896
0.03150524747307432
0.023753014830279487
0.01824852144532233
0.014304394798028247
0.015773272409022578
0.020653944460254245
0.027888872917196886
0.03898995893548058
0.0564663470582593
0.08368402366011542
0.12107810977985671
0.1538740621561201
0.1538740621561201
0.12107810977985671
0.08368402366011542
0.056466347058259314
0.03898995893548059
0.027888872917196886
0.02065394446025425
0.015773272409022578
0.016924433677886992
0.022625618456406173
0.03150529553804812
0.04619307424415239
0.07222277503163112
0.12107810406439153
0.20393288359148987
0.24191703713758875
0.2419170371375888
0.20393288359148984
0.1210781040643915
0.07222277503163109
0.04619307424415238
0.03150529553804812
0.022625618456406177
0.016924433677886992
0.017562492561112
0.023753052434702368
0.03367193585922307
0.05083722876875526
0.08368378833901256
0.15387443460955735
0.2419171378161683
0.268025954415227
0.2680259544152269
0.2419171378161681
0.15387443460955735
0.08368378833901258
0.05083722876875527
0.033671935859223075
0.02375305243470236
0.017562492561111996
0.017562492561111996
0.02375305243470236
0.033671935859223075
0.05083722876875526
0.08368378833901255
0.15387443460955738
0.2419171378161683
0.2680259544152269
0.2680259544152269
0.2419171378161682
0.15387443460955735
0.08368378833901255
0.050837228768755266
0.03367193585922307
0.023753052434702365
0.017562492561111996
0.01692443367788699
0.022625618456406177
0.03150529553804812
0.04619307424415238
0.0722227750316311
0.12107810406439154
0.2039328835914899
0.24191703713758875
0.24191703713758872
0.20393288359148987
0.12107810406439154
0.07222277503163109
0.046193074244152386
0.03150529553804812
0.02262561845640618
0.01692443367788699
0.01577327240902258
0.020653944460254245
0.02788887291719688
0.03898995893548059
0.05646634705825932
0.08368402366011542
0.12107810977985675
0.15387406215612012
0.15387406215612012
0.12107810977985672
0.08368402366011542
0.05646634705825932
0.03898995893548057
0.027888872917196886
0.02065394446025425
0.015773272409022578
0.014304394798028251
0.018248521445322328
0.023753014830279483
0.03150524747307433
0.04229932208211895
0.05646641885172021
0.07222299628677903
0.08368417551321862
0.0836841755132186
0.07222299628677901
0.056466418851720206
0.04229932208211896
0.03150524747307433
0.023753014830279487
0.018248521445322324
0.014304394798028247
0.01577328232402821
0.019787344546242938
0.02499367065659998
0.031505269607301684
0.038990020362412794
0.04619305383602982
0.0508371952235069
0.0508371952235069
0.046193053836029806
0.038990020362412794
0.03150526960730169
0.02499367065659997
0.019787344546242928
0.01577328232402821
0.016329338441607513
0.01978734770414961
0.02375302588615532
0.027888884553172566
0.03150530036358761
0.033672029269897395
0.03367202926989739
0.03150530036358762
0.027888884553172566
0.023753025886155316
0.01978734770414961
0.01632933844160751
0.015773289763320122
0.018248533623096273
0.020653970845747917
0.022625555019297493
0.023753043462488962
0.023753043462488965
0.022625555019297493
0.020653970845747917
0.018248533623096277
0.01577328976332012
0.014304395258921274
0.015773297922043565
0.016924363760476388
0.017562493003493124
0.017562493003493124
0.016924363760476388
0.015773297922043565
0.014304395258921274
0.04161511703219991
0.04575767977944009
0.04898813001753031
0.05077315187851215
0.05077315187851215
0.04898813001753031
0.04575767977944009
0.041615117032199916
0.04575766269220288
0.05268752974240948
0.059362133416256076
0.06478999800064773
0.06787684927432597
0.06787684927432598
0.06478999800064772
0.05936213341625608
0.05268752974240948
0.04575766269220288
0.047319944816213336
0.0569641413422888
0.0678768416819433
0.07909565414725021
0.08877422071350972
0.09451605557769113
0.09451605557769113
0.08877422071350971
0.07909565414725021
0.06787684168194331
0.056964141342288804
0.04731994481621335
0.045757658246143765
0.05696412280938339
0.07125929200836786
0.08877418545624385
0.10843271298139
0.12689841949345823
0.13857949426692556
0.13857949426692556
0.12689841949345826
0.10843271298139
0.08877418545624384
0.07125929200836786
0.05696412280938339
0.04575765824614376
0.04161508014122312
0.05268749505207709
0.06787682826572763
0.08877412121243687
0.11697010274238456
0.15251184212707722
0.1902685403242534
0.21666929446621358
0.21666929446621358
0.1902685403242534
0.15251184212707725
0.11697010274238456
0.08877412121243687
0.06787682826572766
0.05268749505207708
0.04161508014122312
0.04575764124523542
0.05936224983733216
0.07909557103171758
0.10843258793530383
0.15251177040352515
0.21666895936729855
0.29750180634858525
0.363235201188529
0.363235201188529
0.29750180634858525
0.21666895936729852
0.15251177040352515
0.10843258793530382
0.07909557103171758
0.05936224983733217
0.04575764124523542
0.04898808252285026
0.0647899971461389
0.08877406422085403
0.12689834374169984
0.19026825673473052
0.2975009824178405
0.461622236985249
0.6118003473739199
0.61180034737392
0.4616222369852489
0.29750098241784045
0.19026825673473058
0.12689834374169984
0.08877406422085404
0.0647899971461389
0.04898808252285026
0.05077309768677304
0.06787680649604048
0.09451585158974449
0.13857941688326014
0.21666861525823666
0.3632343910848491
0.6118006346046527
0.7257511332246708
0.7257511332246708
0.6118006346046527
0.3632343910848491
0.21666861525823666
0.13857941688326014
0.09451585158974449
0.06787680649604048
0.050773097686773044
0.05077309768677304
0.0678768064960405
0.09451585158974449
0.13857941688326014
0.2166686152582366
0.36323439108484906
0.6118006346046527
0.7257511332246708
0.7257511332246709
0.6118006346046526
0.3632343910848491
0.21666861525823664
0.13857941688326014
0.09451585158974447
0.06787680649604048
0.05077309768677303
0.04898808252285026
0.0647899971461389
0.08877406422085404
0.12689834374169986
0.19026825673473055
0.29750098241784056
0.461622236985249
0.61180034737392
0.6118003473739199
0.46162223698524896
0.2975009824178405
0.19026825673473055
0.12689834374169984
0.08877406422085404
0.0647899971461389
0.048988082522850265
0.04575764124523542
0.05936224983733216
0.07909557103171758
0.10843258793530383
0.15251177040352518
0.21666895936729852
0.29750180634858525
0.36323520118852903
0.36323520118852903
0.29750180634858525
0.2166689593672985
0.15251177040352518
0.10843258793530382
0.07909557103171756
0.05936224983733216
0.04575764124523542
0.04161508014122312
0.05268749505207708
0.06787682826572765
0.08877412121243687
0.11697010274238458
0.15251184212707725
0.19026854032425342
0.21666929446621358
0.21666929446621358
0.1902685403242534
0.15251184212707727
0.11697010274238456
0.08877412121243687
0.06787682826572765
0.05268749505207709
0.04161508014122312
0.04575765824614377
0.05696412280938339
0.07125929200836786
0.08877418545624384
0.10843271298139001
0.12689841949345826
0.13857949426692556
0.1385794942669256
0.12689841949345823
0.10843271298139
0.08877418545624384
0.07125929200836785
0.05696412280938339
0.04575765824614376
0.04731994481621334
0.056964141342288804
0.06787684168194331
0.07909565414725023
0.08877422071350971
0.09451605557769113
0.09451605557769115
0.08877422071350971
0.07909565414725023
0.0678768416819433
0.056964141342288804
0.047319944816213336
0.04575766269220288
0.05268752974240948
0.05936213341625608
0.06478999800064772
0.06787684927432598
0.067876849274326
0.06478999800064772
0.05936213341625608
0.05268752974240948
0.04575766269220288
0.04161511703219991
0.04575767977944009
0.0489881300175303
0.050773151878512154
0.050773151878512154
0.04898813001753031
0.04575767977944009
0.04161511703219991
0.07152218624056432
0.07626284764014302
0.07886666675008805
0.07886666675008805
0.076262847640143
0.07152218624056432
0.071522193615311
0.08164693139283782
0.0912428880492278
0.09893698564938436
0.10327007805047403
0.10327007805047403
0.09893698564938436
0.0912428880492278
0.08164693139283782
0.071522193615311
0.07381943080283415
0.0878126117079752
0.10327004883509863
0.11876532562656526
0.13182609356430147
0.1394448327782099
0.13944483277820993
0.13182609356430147
0.11876532562656525
0.10327004883509865
0.08781261170797519
0.07381943080283415
0.07152219836142579
0.08781261995532502
0.10798314919580801
0.131826075231021
0.15752668019660926
0.1807212721405132
0.1949504421043763
0.1949504421043763
0.18072127214051323
0.15752668019660926
0.131826075231021
0.10798314919580801
0.08781261995532501
0.07152219836142579
0.08164693390233932
0.10326996334426858
0.13182607532205606
0.1683603080392358
0.21149707818292102
0.2541863801790958
0.2823328363037831
0.28233283630378303
0.2541863801790958
0.21149707818292096
0.16836030803923574
0.1318260753220561
0.10326996334426856
0.08164693390233932
0.07152219894658869
0.0912427963114616
0.1187652350087533
0.1575266403511035
0.21149701749193872
0.282332662510783
0.3611149434376233
0.41842059597479403
0.41842059597479403
0.36111494343762324
0.28233266251078304
0.21149701749193872
0.1575266403511035
0.11876523500875329
0.09124279631146158
0.07152219894658869
0.0762628384244365
0.09893685224189812
0.13182617715834283
0.18072119126717473
0.25418654135385127
0.36111487152453103
0.4958353501483651
0.6053910362736709
0.605391036273671
0.4958353501483651
0.36111487152453103
0.2541865413538512
0.1807211912671747
0.13182617715834283
0.09893685224189812
0.0762628384244365
0.07886663537667657
0.10326991321985707
0.1394449987008291
0.19495016946315313
0.28233291342197403
0.4184201765223221
0.6053942972614483
0.7693703308971096
0.7693703308971096
0.6053942972614483
0.4184201765223221
0.28233291342197403
0.1949501694631531
0.1394449987008291
0.10326991321985707
0.07886663537667656
0.07886663537667657
0.10326991321985708
0.13944499870082913
0.19495016946315313
0.282332913421974
0.4184201765223221
0.6053942972614482
0.7693703308971096
0.7693703308971097
0.6053942972614482
0.41842017652232205
0.282332913421974
0.1949501694631531
0.1394449987008291
0.10326991321985707
0.07886663537667657
0.0762628384244365
0.09893685224189812
0.13182617715834283
0.18072119126717476
0.2541865413538512
0.36111487152453103
0.49583535014836516
0.605391036273671
0.6053910362736709
0.49583535014836516
0.36111487152453103
0.25418654135385127
0.18072119126717476
0.13182617715834283
0.09893685224189813
0.0762628384244365
0.07152219894658869
0.09124279631146158
0.1187652350087533
0.15752664035110345
0.21149701749193872
0.28233266251078304
0.36111494343762324
0.41842059597479403
0.418420595974794
0.3611149434376232
0.28233266251078304
0.21149701749193872
0.15752664035110348
0.1187652350087533
0.0912427963114616
0.07152219894658869
0.08164693390233932
0.10326996334426855
0.1318260753220561
0.1683603080392357
0.211497078182921
0.25418638017909584
0.28233283630378303
0.28233283630378303
0.25418638017909584
0.211497078182921
0.16836030803923574
0.1318260753220561
0.10326996334426858
0.08164693390233933
0.0715221983614258
0.08781261995532502
0.10798314919580804
0.131826075231021
0.15752668019660926
0.18072127214051323
0.1949504421043763
0.1949504421043763
0.18072127214051323
0.1575266801966093
0.131826075231021
0.10798314919580801
0.08781261995532502
0.0715221983614258
0.07381943080283417
0.0878126117079752
0.10327004883509865
0.11876532562656526
0.13182609356430147
0.13944483277820993
0.13944483277820993
0.13182609356430147
0.11876532562656526
0.10327004883509863
0.08781261170797522
0.07381943080283417
0.07152219361531098
0.0816469313928378
0.0912428880492278
0.09893698564938436
0.10327007805047402
0.10327007805047403
0.09893698564938436
0.0912428880492278
0.08164693139283781
0.07152219361531098
0.07152218624056433
0.076262847640143
0.07886666675008805
0.07886666675008806
0.07626284764014302
0.07152218624056432
0.09710192418047298
0.10013101966342727
0.10013101966342729
0.09710192418047298
0.10334711298403593
0.11430559276306955
0.12293774099017887
0.1277400919257111
0.12774009192571106
0.12293774099017889
0.11430559276306955
0.10334711298403595
0.11041318566719341
0.12774013788291685
0.14457815882984698
0.15837922822592335
0.16627165454726744
0.16627165454726747
0.15837922822592332
0.14457815882984698
0.12774013788291683
0.11041318566719338
0.11041317456932477
0.1329165601387899
0.1583792263982836
0.18455644088775752
0.20713969986657663
0.22053731411775157
0.22053731411775157
0.2071396998665766
0.18455644088775752
0.1583792263982836
0.13291656013878994
0.11041317456932476
0.10334703439522468
0.12774016688285453
0.15837919679585502
0.19522264983162851
0.23570431400552105
0.27293067351759376
0.2960960617205208
0.2960960617205208
0.27293067351759387
0.2357043140055211
0.19522264983162854
0.158379196795855
0.12774016688285453
0.10334703439522468
0.1143055065530468
0.1445781959357779
0.18455641573700196
0.2357041226150638
0.2960960423699694
0.35586069568870204
0.39526555673858244
0.39526555673858244
0.35586069568870204
0.29609604236996945
0.2357041226150638
0.18455641573700193
0.1445781959357779
0.1143055065530468
0.09710183395138654
0.12293793457534498
0.15837928050091885
0.207139487415862
0.27293083085791575
0.3558608627187321
0.4439593245782078
0.5055612202636809
0.5055612202636809
0.4439593245782078
0.3558608627187322
0.2729308308579157
0.207139487415862
0.15837928050091887
0.12293793457534496
0.09710183395138654
0.1001308833441487
0.12774029766353692
0.16627158216227741
0.22053699233306429
0.2960964856419795
0.39526538989004745
0.5055618442939712
0.5857897691509739
0.5857897691509739
0.5055618442939711
0.39526538989004745
0.29609648564197955
0.22053699233306429
0.16627158216227741
0.1277402976635369
0.10013088334414867
0.10013088334414869
0.1277402976635369
0.16627158216227741
0.22053699233306423
0.29609648564197955
0.39526538989004756
0.5055618442939712
0.5857897691509739
0.5857897691509739
0.5055618442939711
0.39526538989004756
0.29609648564197955
0.22053699233306429
0.16627158216227741
0.1277402976635369
0.10013088334414869
0.09710183395138654
0.12293793457534498
0.15837928050091885
0.20713948741586197
0.2729308308579157
0.3558608627187321
0.44395932457820775
0.5055612202636809
0.5055612202636809
0.4439593245782078
0.35586086271873213
0.27293083085791575
0.20713948741586197
0.15837928050091885
0.12293793457534496
0.09710183395138655
0.1143055065530468
0.1445781959357779
0.18455641573700196
0.23570412261506377
0.29609604236996945
0.35586069568870216
0.3952655567385825
0.39526555673858244
0.3558606956887021
0.29609604236996945
0.23570412261506374
0.184556415737002
0.14457819593577786
0.11430550655304682
0.10334703439522466
0.12774016688285453
0.15837919679585502
0.1952226498316285
0.23570431400552105
0.27293067351759387
0.2960960617205207
0.2960960617205207
0.2729306735175938
0.2357043140055211
0.19522264983162851
0.158379196795855
0.12774016688285453
0.10334703439522468
0.11041317456932478
0.13291656013878994
0.15837922639828358
0.18455644088775755
0.20713969986657663
0.22053731411775154
0.22053731411775154
0.2071396998665766
0.18455644088775747
0.1583792263982836
0.1329165601387899
0.11041317456932477
0.11041318566719341
0.12774013788291683
0.144578158829847
0.15837922822592332
0.16627165454726747
0.16627165454726747
0.15837922822592335
0.144578158829847
0.12774013788291685
0.11041318566719341
0.10334711298403595
0.11430559276306955
0.12293774099017889
0.12774009192571106
0.12774009192571106
0.12293774099017889
0.11430559276306956
0.10334711298403595
0.09710192418047298
0.1001310196634273
0.10013101966342729
0.09710192418047298
0.12873996018547884
0.13727318700740776
0.14195998035664564
0.14195998035664564
0.13727318700740776
0.12873996018547884
0.12484542472818157
0.14196003478267188
0.15806273972013438
0.17089264697620848
0.1780866149861497
0.1780866149861497
0.17089264697620848
0.15806273972013438
0.14196003478267188
0.12484542472818158
0.12484547921212072
0.14696451820439377
0.17089261566666025
0.1943698151920093
0.21377775659790968
0.22494361017894055
0.22494361017894055
0.21377775659790965
0.1943698151920093
0.1708926156666603
0.14696451820439377
0.12484547921212072
0.14196003626039128
0.17089263885457204
0.20363033514400952
0.23728654662668466
0.26632263756628655
0.2835480526493033
0.28354805264930333
0.2663226375662866
0.23728654662668466
0.20363033514400955
0.17089263885457204
0.14196003626039128
0.1287400758100424
0.1580627998829564
0.1943697153178358
0.23728647056784555
0.28354806650655556
0.3252981956951557
0.35091065589359904
0.35091065589359904
0.3252981956951558
0.28354806650655556
0.23728647056784558
0.1943697153178358
0.1580627998829564
0.1287400758100424
0.13727329360905122
0.1708926635269578
0.21377746912505255
0.26632286816908946
0.3252982794304134
0.3806948009775804
0.41573781354765865
0.41573781354765865
0.38069480097758046
0.32529827943041334
0.26632286816908946
0.21377746912505255
0.1708926635269578
0.13727329360905122
0.14196026364355713
0.17808647758759802
0.22494329017380546
0.28354853875918046
0.35091076998321774
0.41573751714104423
0.4575346104427505
0.45753461044275046
0.4157375171410442
0.35091076998321774
0.2835485387591804
0.2249432901738055
0.17808647758759805
0.14196026364355713
0.1419602636435571
0.17808647758759805
0.22494329017380546
0.28354853875918046
0.35091076998321763
0.41573751714104423
0.45753461044275046
0.4575346104427505
0.41573751714104423
0.3509107699832177
0.2835485387591804
0.22494329017380546
0.17808647758759805
0.14196026364355713
0.1372732936090512
0.1708926635269578
0.21377746912505255
0.26632286816908946
0.32529827943041334
0.38069480097758046
0.41573781354765865
0.41573781354765865
0.38069480097758046
0.32529827943041334
0.2663228681690894
0.21377746912505252
0.1708926635269578
0.13727329360905122
0.1287400758100424
0.15806279988295643
0.19436971531783584
0.23728647056784558
0.2835480665065556
0.3252981956951557
0.350910655893599
0.350910655893599
0.3252981956951557
0.2835480665065556
0.2372864705678456
0.1943697153178358
0.1580627998829564
0.12874007581004238
0.1419600362603913
0.17089263885457204
0.20363033514400955
0.2372865466266847
0.26632263756628655
0.28354805264930333
0.28354805264930333
0.26632263756628655
0.23728654662668464
0.20363033514400955
0.170892638854572
0.14196003626039128
0.12484547921212075
0.14696451820439374
0.1708926156666603
0.19436981519200933
0.21377775659790965
0.22494361017894055
0.22494361017894052
0.21377775659790965
0.1943698151920093
0.1708926156666603
0.14696451820439374
0.12484547921212075
0.12484542472818157
0.14196003478267186
0.1580627397201344
0.17089264697620848
0.17808661498614967
0.17808661498614967
0.17089264697620848
0.1580627397201344
0.14196003478267186
0.12484542472818158
0.12873996018547884
0.13727318700740776
0.14195998035664562
0.14195998035664562
0.13727318700740776
0.12873996018547884
0.1624026921367735
0.17350663740385516
0.17962324453326686
0.17962324453326683
0.17350663740385514
0.1624026921367735
0.1525888088801541
0.17350662131322012
0.1931877421738714
0.2088686582306049
0.21766124070929632
0.21766124070929635
0.20886865823060496
0.19318774217387147
0.17350662131322012
0.15258880888015414
0.1735066471983288
0.2007342329688479
0.22719389021501354
0.2488818293571801
0.26128406618145217
0.26128406618145217
0.2488818293571801
0.22719389021501354
0.20073423296884788
0.1735066471983288
0.16240274203505906
0.1931876501718224
0.2271938299376048
0.26128418144933696
0.2900173355592996
0.30677859540516567
0.30677859540516567
0.2900173355592996
0.26128418144933696
0.22719382993760484
0.19318765017182243
0.16240274203505906
0.173506538144292
0.2088685067179675
0.2488821602202667
0.29001745987825595
0.3255054039199702
0.3465587165463077
0.3465587165463077
0.3255054039199702
0.29001745987825595
0.2488821602202667
0.2088685067179675
0.173506538144292
0.17962311199165812
0.2176610757793534
0.26128452757650006
0.3067788529588475
0.34655857953188635
0.37039243867848015
0.3703924386784801
0.3465585795318864
0.3067788529588475
0.26128452757650006
0.2176610757793534
0.17962311199165812
0.17962311199165812
0.2176610757793534
0.26128452757650006
0.30677885295884744
0.3465585795318864
0.37039243867848015
0.3703924386784801
0.34655857953188646
0.30677885295884744
0.26128452757650006
0.2176610757793534
0.17962311199165815
0.173506538144292
0.20886850671796747
0.2488821602202667
0.29001745987825595
0.32550540391997024
0.34655871654630777
0.3465587165463077
0.32550540391997024
0.29001745987825595
0.2488821602202667
0.20886850671796747
0.173506538144292
0.16240274203505906
0.1931876501718224
0.22719382993760484
0.26128418144933696
0.2900173355592996
0.3067785954051657
0.3067785954051656
0.2900173355592996
0.26128418144933696
0.22719382993760487
0.19318765017182243
0.16240274203505906
0.1735066471983288
0.20073423296884788
0.22719389021501354
0.2488818293571801
0.26128406618145217
0.26128406618145217
0.24888182935718012
0.22719389021501354
0.20073423296884785
0.1735066471983288
0.1525888088801541
0.17350662131322012
0.19318774217387147
0.2088686582306049
0.21766124070929635
0.21766124070929635
0.2088686582306049
0.19318774217387144
0.17350662131322012
0.15258880888015414
0.1624026921367735
0.17350663740385516
0.1796232445332669
0.17962324453326686
0.17350663740385514
0.16240269213677347
0.1859576206037727
0.19828326881856218
0.20505310816375488
0.2050531081637549
0.19828326881856218
0.18595762060377266
0.19193034266071635
0.21228174651208762
0.22831251493068513
0.23723118065028848
0.23723118065028848
0.22831251493068516
0.21228174651208762
0.19193034266071635
0.1859575046453856
0.2122817001515337
0.23723112977578437
0.2572364757521043
0.2685024424015327
0.26850244240153276
0.25723647575210423
0.23723112977578437
0.21228170015153366
0.18595750464538563
0.19828313441059986
0.22831241801658125
0.25723680126796716
0.28075677137415744
0.29413306622979424
0.2941330662297942
0.28075677137415744
0.25723680126796716
0.22831241801658125
0.19828313441059986
0.20505300709258742
0.23723107805863436
0.2685028225646863
0.2941332772008556
0.3087905031703089
0.308790503170309
0.2941332772008556
0.2685028225646863
0.23723107805863436
0.2050530070925874
0.20505300709258742
0.2372310780586344
0.26850282256468627
0.2941332772008555
0.308790503170309
0.3087905031703089
0.2941332772008555
0.26850282256468627
0.23723107805863436
0.20505300709258745
0.19828313441059986
0.22831241801658125
0.25723680126796716
0.28075677137415744
0.2941330662297943
0.29413306622979424
0.2807567713741575
0.2572368012679672
0.22831241801658125
0.19828313441059986
0.18595750464538563
0.21228170015153366
0.23723112977578437
0.25723647575210423
0.2685024424015327
0.2685024424015327
0.2572364757521043
0.2372311297757844
0.2122817001515337
0.18595750464538563
0.1919303426607164
0.21228174651208764
0.22831251493068513
0.23723118065028845
0.23723118065028848
0.22831251493068513
0.21228174651208764
0.19193034266071635
0.1859576206037727
0.19828326881856218
0.20505310816375488
0.2050531081637549
0.19828326881856218
0.18595762060377266
0.20807531645664432
0.21456618161037475
0.21456618161037475
0.20807531645664434
0.21456617561573896
0.22878810768992408
0.23659953744645165
0.23659953744645165
0.22878810768992408
0.21456617561573896
0.20807533351288127
0.2287880995333964
0.24494139198387463
0.253866510704712
0.25386651070471195
0.2449413919838746
0.22878809953339638
0.2080753335128813
0.21456616414542257
0.23659956081679362
0.25386649264394884
0.2634385274400319
0.26343852744003193
0.25386649264394884
0.23659956081679367
0.21456616414542254
0.21456616414542257
0.23659956081679362
0.25386649264394884
0.26343852744003193
0.2634385274400319
0.2538664926439488
0.23659956081679362
0.21456616414542254
0.20807533351288127
0.22878809953339643
0.2449413919838746
0.25386651070471195
0.25386651070471195
0.2449413919838746
0.2287880995333964
0.20807533351288127
0.21456617561573896
0.22878810768992408
0.23659953744645168
0.23659953744645168
0.22878810768992408
0.21456617561573896
0.20807531645664432
0.21456618161037477
0.21456618161037477
0.20807531645664434