-1.1041423518411446
-1.1041423518411446
-1.1041418546695143
-1.1926709273474332
-1.2421924529964643
-1.242192452996464
-1.1926709273474332
-1.1041418546695143
-1.1926705834220013
-1.2957791235168128
-1.3539374335343144
-1.3539374335343144
-1.2957791235168128
-1.1926705834220013
-1.1041426437647088
-1.2421921367800124
-1.3539368987620082
-1.4172578043099606
-1.4172578043099606
-1.353936898762008
-1.2421921367800122
-1.1041426437647086
-1.1041426437647088
-1.2421921367800122
-1.353936898762008
-1.4172578043099604
-1.4172578043099604
-1.353936898762008
-1.2421921367800122
-1.1041426437647086
-1.1926705834220013
-1.295779123516813
-1.3539374335343142
-1.3539374335343144
-1.2957791235168128
-1.1926705834220013
-1.1041418546695143
-1.192670927347433
-1.2421924529964643
-1.2421924529964643
-1.1926709273474332
-1.1041418546695143
-1.1041423518411446
-1.1041423518411446
-0.9703537913611273
-1.0091848499914302
-1.00918484999143
-0.9703537913611273
-0.9342729348293355
-1.0510869474106612
-1.1456402516011996
-1.1992196761135643
-1.199219676113564
-1.1456402516011996
-1.0510869474106612
-0.9342729348293355
-1.0510862963432654
-1.1992187001441341
-1.3219341518240093
-1.3925812269322604
-1.3925812269322604
-1.321934151824009
-1.199218700144134
-1.0510862963432654
-0.9703524473595051
-1.1456398775458567
-1.3219325358195968
-1.470672452199879
-1.5573787335392852
-1.5573787335392852
-1.4706724521998789
-1.3219325358195968
-1.1456398775458567
-0.9703524473595052
-1.0091837422981298
-1.1992193692918023
-1.392579486639243
-1.5573773541425584
-1.654103165117178
-1.6541031651171783
-1.5573773541425582
-1.392579486639243
-1.1992193692918023
-1.0091837422981298
-1.0091837422981298
-1.1992193692918023
-1.392579486639243
-1.5573773541425582
-1.654103165117178
-1.654103165117178
-1.5573773541425584
-1.392579486639243
-1.1992193692918023
-1.0091837422981298
-0.9703524473595051
-1.1456398775458567
-1.321932535819597
-1.4706724521998789
-1.5573787335392852
-1.5573787335392852
-1.4706724521998789
-1.3219325358195968
-1.1456398775458567
-0.9703524473595052
-1.0510862963432654
-1.1992187001441341
-1.3219341518240093
-1.3925812269322604
-1.3925812269322604
-1.3219341518240093
-1.1992187001441341
-1.0510862963432654
-0.9342729348293354
-1.0510869474106612
-1.1456402516011996
-1.199219676113564
-1.1992196761135643
-1.1456402516011996
-1.0510869474106612
-0.9342729348293355
-0.9703537913611273
-1.00918484999143
-1.00918484999143
-0.9703537913611273
-0.7939246566568615
-0.8256954286446065
-0.8256954286446068
-0.7939246566568615
-0.7939240354445521
-0.8970778479186762
-0.9811813304190125
-1.029073343351159
-1.029073343351159
-0.9811813304190126
-0.8970778479186762
-0.793924035444552
-0.7939219162890392
-0.937340896334614
-1.0815826634005437
-1.2032795138607262
-1.274220605246498
-1.2742206052464982
-1.2032795138607262
-1.0815826634005434
-0.9373408963346141
-0.7939219162890392
-0.897076579787763
-1.0815815661849582
-1.2742198426538378
-1.44207769503608
-1.5420311137025815
-1.5420311137025817
-1.44207769503608
-1.2742198426538378
-1.081581566184958
-0.897076579787763
-0.7939232363440061
-0.9811793806522282
-1.203277176669112
-1.4420766145266888
-1.6551716116011679
-1.7837432581652948
-1.7837432581652948
-1.6551716116011677
-1.4420766145266886
-1.203277176669112
-0.9811793806522282
-0.7939232363440061
-0.8256936998183597
-1.0290707127986432
-1.2742192181201144
-1.5420282815037198
-1.7837401483132644
-1.9300828621029562
-1.9300828621029562
-1.7837401483132644
-1.5420282815037196
-1.2742192181201144
-1.0290707127986432
-0.8256936998183597
-0.8256936998183597
-1.0290707127986432
-1.2742192181201144
-1.5420282815037198
-1.7837401483132647
-1.9300828621029562
-1.9300828621029562
-1.7837401483132644
-1.5420282815037196
-1.2742192181201144
-1.0290707127986432
-0.8256936998183597
-0.7939232363440061
-0.9811793806522282
-1.203277176669112
-1.4420766145266888
-1.6551716116011679
-1.7837432581652948
-1.783743258165295
-1.6551716116011679
-1.4420766145266886
-1.203277176669112
-0.9811793806522282
-0.7939232363440062
-0.8970765797877631
-1.0815815661849582
-1.2742198426538378
-1.4420776950360803
-1.5420311137025815
-1.5420311137025815
-1.4420776950360803
-1.2742198426538378
-1.0815815661849582
-0.8970765797877631
-0.7939219162890392
-0.9373408963346141
-1.0815826634005434
-1.2032795138607262
-1.2742206052464982
-1.2742206052464982
-1.2032795138607262
-1.0815826634005434
-0.9373408963346141
-0.7939219162890392
-0.7939240354445521
-0.8970778479186763
-0.9811813304190127
-1.029073343351159
-1.029073343351159
-0.9811813304190126
-0.8970778479186762
-0.793924035444552
-0.7939246566568615
-0.8256954286446067
-0.8256954286446067
-0.7939246566568615
-0.5945385015823836
-0.5945385015823835
-0.5945378751524044
-0.6688730680005333
-0.729044312572394
-0.7631404362377727
-0.7631404362377727
-0.7290443125723941
-0.6688730680005333
-0.5945378751524043
-0.6174964124569587
-0.7290431642508126
-0.84123054127625
-0.9358829933615502
-0.9910623539180399
-0.9910623539180399
-0.93588299336155
-0.8412305412762499
-0.7290431642508125
-0.6174964124569587
-0.5945374382714272
-0.729042812466977
-0.8861856588616857
-1.0526131799044787
-1.199357818634446
-1.287358642078312
-1.287358642078312
-1.199357818634446
-1.0526131799044784
-0.8861856588616858
-0.7290428124669768
-0.5945374382714272
-0.6688719006833347
-0.8412291881185422
-1.0526122329162275
-1.2873561860315934
-1.5011744160215186
-1.6301943495410929
-1.6301943495410929
-1.5011744160215186
-1.2873561860315934
-1.0526122329162275
-0.8412291881185421
-0.6688719006833347
-0.7290423133494031
-0.9358813134342496
-1.199355843621765
-1.5011722321885688
-1.7735873527190213
-1.9210147023745798
-1.9210147023745798
-1.7735873527190213
-1.5011722321885688
-1.199355843621765
-0.9358813134342496
-0.7290423133494031
-0.5945377565473724
-0.763137729200673
-0.9910597139838901
-1.2873561931485225
-1.6301919874557578
-1.9210026708567947
-2.003657283278981
-2.0036572832789807
-1.9210026708567947
-1.6301919874557576
-1.2873561931485222
-0.9910597139838901
-0.7631377292006729
-0.5945377565473724
-0.5945377565473725
-0.7631377292006729
-0.9910597139838903
-1.2873561931485225
-1.6301919874557578
-1.9210026708567947
-2.0036572832789807
-2.0036572832789807
-1.9210026708567947
-1.6301919874557578
-1.2873561931485225
-0.9910597139838901
-0.763137729200673
-0.5945377565473725
-0.7290423133494031
-0.9358813134342496
-1.1993558436217653
-1.5011722321885688
-1.7735873527190213
-1.9210147023745798
-1.9210147023745798
-1.7735873527190216
-1.5011722321885685
-1.199355843621765
-0.9358813134342496
-0.7290423133494031
-0.6688719006833348
-0.8412291881185422
-1.0526122329162275
-1.2873561860315932
-1.5011744160215184
-1.6301943495410929
-1.6301943495410929
-1.5011744160215186
-1.2873561860315932
-1.0526122329162275
-0.8412291881185422
-0.6688719006833347
-0.5945374382714272
-0.7290428124669769
-0.8861856588616857
-1.0526131799044784
-1.199357818634446
-1.287358642078312
-1.287358642078312
-1.199357818634446
-1.0526131799044784
-0.8861856588616858
-0.7290428124669768
-0.5945374382714272
-0.6174964124569587
-0.7290431642508126
-0.8412305412762499
-0.9358829933615502
-0.9910623539180398
-0.9910623539180399
-0.9358829933615502
-0.8412305412762499
-0.7290431642508126
-0.6174964124569586
-0.5945378751524043
-0.6688730680005333
-0.7290443125723941
-0.7631404362377727
-0.7631404362377727
-0.7290443125723941
-0.6688730680005333
-0.5945378751524043
-0.5945385015823835
-0.5945385015823835
-0.4246695229481643
-0.4587193602439322
-0.47776586934511206
-0.477765869345112
-0.4587193602439321
-0.4246695229481643
-0.4777660074044101
-0.5450989628362832
-0.6008785116121319
-0.6329913603852254
-0.6329913603852255
-0.600878511612132
-0.5450989628362832
-0.4777660074044101
-0.4983745654637815
-0.6008783141450276
-0.707899646290646
-0.8011546714744269
-0.8566834135266878
-0.8566834135266879
-0.8011546714744269
-0.707899646290646
-0.6008783141450276
-0.4983745654637815
-0.47776566968041617
-0.6008777888172986
-0.7518651167892527
-0.919539907852057
-1.0722681250461235
-1.1644246300071364
-1.1644246300071366
-1.0722681250461235
-0.919539907852057
-0.7518651167892528
-0.6008777888172985
-0.4777656696804161
-0.4246691472001899
-0.5450988191064132
-0.7078983873530856
-0.9195385813087775
-1.164422080487391
-1.3721416235280854
-1.4311801782914075
-1.4311801782914073
-1.3721416235280854
-1.164422080487391
-0.9195385813087775
-0.7078983873530855
-0.5450988191064132
-0.42466914720018994
-0.4587163654903225
-0.6008776336404545
-0.8011524917224249
-1.072266355807406
-1.3721417674682233
-1.4354283694585461
-1.4024163148797273
-1.4024163148797273
-1.4354283694585468
-1.3721417674682233
-1.072266355807406
-0.801152491722425
-0.6008776336404545
-0.45871636549032246
-0.47776581225464443
-0.63298990621349
-0.8566814665683697
-1.164422109869786
-1.431177320039318
-1.4024210147833127
-1.3273532241026498
-1.3273532241026498
-1.4024210147833125
-1.4311773200393174
-1.164422109869786
-0.8566814665683697
-0.6329899062134899
-0.47776581225464443
-0.4777658122546444
-0.6329899062134899
-0.8566814665683697
-1.164422109869786
-1.4311773200393183
-1.4024210147833125
-1.3273532241026498
-1.3273532241026498
-1.4024210147833123
-1.4311773200393174
-1.164422109869786
-0.8566814665683697
-0.6329899062134899
-0.4777658122546444
-0.4587163654903225
-0.6008776336404545
-0.8011524917224249
-1.072266355807406
-1.3721417674682233
-1.4354283694585492
-1.4024163148797275
-1.4024163148797273
-1.4354283694585488
-1.3721417674682233
-1.072266355807406
-0.8011524917224249
-0.6008776336404545
-0.45871636549032246
-0.42466914720018994
-0.5450988191064132
-0.7078983873530855
-0.9195385813087775
-1.1644220804873913
-1.3721416235280857
-1.4311801782914024
-1.4311801782914024
-1.3721416235280854
-1.164422080487391
-0.9195385813087775
-0.7078983873530857
-0.5450988191064132
-0.4246691472001899
-0.4777656696804162
-0.6008777888172986
-0.7518651167892527
-0.9195399078520569
-1.0722681250461235
-1.1644246300071366
-1.1644246300071366
-1.0722681250461235
-0.919539907852057
-0.7518651167892528
-0.6008777888172986
-0.47776566968041617
-0.49837456546378156
-0.6008783141450276
-0.707899646290646
-0.8011546714744269
-0.8566834135266879
-0.8566834135266879
-0.8011546714744269
-0.707899646290646
-0.6008783141450276
-0.49837456546378156
-0.47776600740441016
-0.5450989628362832
-0.600878511612132
-0.6329913603852255
-0.6329913603852254
-0.6008785116121319
-0.5450989628362832
-0.4777660074044101
-0.4246695229481643
-0.4587193602439321
-0.477765869345112
-0.47776586934511195
-0.4587193602439321
-0.42466952294816435
-0.27523112843372116
-0.29902525705353433
-0.31244660800879065
-0.31244660800879065
-0.29902525705353433
-0.27523112843372116
-0.26464084328386783
-0.312446260632001
-0.3605261909471068
-0.4010858530205773
-0.4247384560076993
-0.4247384560076993
-0.40108585302057737
-0.3605261909471068
-0.312446260632001
-0.2646408432838679
-0.26464074952737066
-0.3270589114805015
-0.4010913803382832
-0.4806916770896747
-0.5517226691235231
-0.5945797668802015
-0.5945797668802015
-0.5517226691235231
-0.4806916770896747
-0.4010913803382832
-0.3270589114805015
-0.26464074952737066
-0.31244651560517755
-0.40109173021340283
-0.514008488553804
-0.6433581666128848
-0.7601071671832006
-0.8232828389088731
-0.8232828389088731
-0.7601071671832005
-0.6433581666128848
-0.514008488553804
-0.40109173021340283
-0.31244651560517755
-0.2752310735455329
-0.3605264576404074
-0.48069112454875457
-0.6433582994220064
-0.8232849589224128
-0.8612541741669804
-0.8414502810639002
-0.8414502810639002
-0.8612541741669772
-0.8232849589224129
-0.6433582994220064
-0.48069112454875457
-0.36052645764040736
-0.2752310735455329
-0.2990253272115912
-0.4010916638326457
-0.5517223868447122
-0.7601078904097632
-0.8612548448779
-0.7964121506740649
-0.7154889205795137
-0.7154889205795139
-0.7964121506740643
-0.8612548448778998
-0.7601078904097632
-0.5517223868447121
-0.4010916638326457
-0.2990253272115912
-0.3124464334763141
-0.42473871629127585
-0.5945792310566843
-0.8232840389304891
-0.8414505098752736
-0.715491525532348
-0.6138807263474058
-0.6138807263474059
-0.7154915255323473
-0.841450509875273
-0.823284038930489
-0.5945792310566842
-0.4247387162912758
-0.3124464334763141
-0.3124464334763141
-0.4247387162912758
-0.5945792310566843
-0.823284038930489
-0.8414505098752711
-0.7154915255323482
-0.6138807263474058
-0.6138807263474058
-0.7154915255323482
-0.8414505098752705
-0.823284038930489
-0.5945792310566843
-0.4247387162912758
-0.3124464334763141
-0.2990253272115912
-0.4010916638326457
-0.5517223868447122
-0.7601078904097633
-0.8612548448779002
-0.7964121506740649
-0.7154889205795119
-0.7154889205795117
-0.7964121506740645
-0.8612548448779
-0.7601078904097631
-0.5517223868447122
-0.4010916638326457
-0.29902532721159125
-0.2752310735455329
-0.3605264576404074
-0.4806911245487546
-0.6433582994220064
-0.8232849589224127
-0.8612541741669804
-0.8414502810638995
-0.8414502810638995
-0.8612541741669772
-0.8232849589224128
-0.6433582994220064
-0.4806911245487545
-0.36052645764040736
-0.2752310735455329
-0.3124465156051776
-0.40109173021340283
-0.514008488553804
-0.6433581666128848
-0.7601071671832005
-0.8232828389088731
-0.8232828389088733
-0.7601071671832007
-0.6433581666128848
-0.514008488553804
-0.40109173021340283
-0.3124465156051776
-0.26464074952737066
-0.32705891148050154
-0.40109138033828323
-0.48069167708967475
-0.5517226691235232
-0.5945797668802015
-0.5945797668802015
-0.5517226691235232
-0.48069167708967475
-0.4010913803382832
-0.3270589114805015
-0.2646407495273706
-0.26464084328386783
-0.312446260632001
-0.3605261909471068
-0.4010858530205773
-0.4247384560076993
-0.4247384560076993
-0.40108585302057737
-0.3605261909471068
-0.312446260632001
-0.26464084328386783
-0.27523112843372116
-0.29902525705353433
-0.31244660800879065
-0.31244660800879065
-0.29902525705353433
-0.2752311284337212
-0.08493373593189509
-0.09555300876168255
-0.10414883594378697
-0.10901971463738705
-0.10901971463738704
-0.10414883594378695
-0.09555300876168255
-0.08493373593189511
-0.09174359963035335
-0.10901950606225311
-0.1265978705827604
-0.14157949830779332
-0.15037277257492557
-0.1503727725749255
-0.14157949830779332
-0.12659787058276037
-0.10901950606225311
-0.09174359963035335
-0.09174360526617795
-0.11434067296430041
-0.1415795021124754
-0.17133607234567036
-0.19819299394581605
-0.21445268048781854
-0.2144526804878185
-0.19819299394581602
-0.1713360723456704
-0.1415795021124754
-0.11434067296430042
-0.09174360526617796
-0.0849337213819652
-0.10901941534039562
-0.1415794466849557
-0.1839074331967164
-0.23288392503396002
-0.2744279314360062
-0.28623431219767753
-0.28623431219767764
-0.2744279314360062
-0.23288392503395994
-0.18390743319671643
-0.1415794466849557
-0.10901941534039561
-0.08493372138196517
-0.09555283266343916
-0.12659754869355833
-0.1713361384365681
-0.23288359255061886
-0.2862326764863843
-0.28048287172911535
-0.2654701442567936
-0.2654701442567935
-0.2804828717291157
-0.2862326764863836
-0.23288359255061888
-0.1713361384365681
-0.12659754869355827
-0.09555283266343916
-0.10414856939883058
-0.1415793503846102
-0.1981930123240468
-0.2744278489247436
-0.2804833904624991
-0.2384964368336027
-0.20461580625503
-0.20461580625503
-0.23849643683360258
-0.2804833904624987
-0.2744278489247436
-0.19819301232404682
-0.14157935038461023
-0.10414856939883059
-0.1090193192947106
-0.1503726459189952
-0.21445216305730572
-0.2862329062947189
-0.26546979275403937
-0.2046270621737231
-0.18751388858502205
-0.18751388858502183
-0.20462706217372317
-0.26546979275404115
-0.28623290629471326
-0.2144521630573057
-0.1503726459189952
-0.10901931929471058
-0.10901931929471056
-0.1503726459189952
-0.21445216305730574
-0.28623290629472187
-0.2654697927540398
-0.20462706217372306
-0.18751388858502205
-0.18751388858502194
-0.20462706217372303
-0.26546979275404115
-0.2862329062947147
-0.21445216305730572
-0.15037264591899518
-0.10901931929471056
-0.10414856939883059
-0.14157935038461023
-0.19819301232404682
-0.2744278489247436
-0.28048339046249815
-0.23849643683360217
-0.2046158062550299
-0.20461580625503
-0.23849643683360222
-0.28048339046249804
-0.2744278489247435
-0.19819301232404685
-0.14157935038461023
-0.1041485693988306
-0.09555283266343917
-0.12659754869355833
-0.1713361384365681
-0.2328835925506189
-0.28623267648638573
-0.280482871729115
-0.2654701442567951
-0.2654701442567951
-0.28048287172911585
-0.28623267648638495
-0.23288359255061883
-0.1713361384365681
-0.1265975486935583
-0.09555283266343917
-0.08493372138196517
-0.10901941534039565
-0.1415794466849557
-0.18390743319671643
-0.23288392503396005
-0.27442793143600624
-0.286234312197671
-0.286234312197671
-0.2744279314360063
-0.23288392503396
-0.18390743319671637
-0.14157944668495573
-0.10901941534039562
-0.08493372138196517
-0.09174360526617795
-0.11434067296430042
-0.14157950211247547
-0.17133607234567033
-0.19819299394581613
-0.21445268048781857
-0.21445268048781857
-0.19819299394581605
-0.17133607234567033
-0.14157950211247544
-0.11434067296430041
-0.09174360526617795
-0.09174359963035336
-0.10901950606225312
-0.1265978705827604
-0.14157949830779332
-0.1503727725749255
-0.1503727725749255
-0.14157949830779334
-0.1265978705827604
-0.10901950606225314
-0.09174359963035335
-0.08493373593189509
-0.09555300876168255
-0.10414883594378699
-0.10901971463738706
-0.10901971463738705
-0.10414883594378697
-0.09555300876168256
-0.08493373593189507
0.08493373593189507
0.09555300876168257
0.104148835943787
0.10901971463738702
0.10901971463738702
0.10414883594378696
0.09555300876168259
0.08493373593189507
0.09174359963035335
0.10901950606225311
0.1265978705827604
0.14157949830779334
0.15037277257492548
0.15037277257492546
0.14157949830779334
0.1265978705827604
0.10901950606225311
0.09174359963035336
0.09174360526617795
0.11434067296430041
0.14157950211247544
0.1713360723456704
0.19819299394581602
0.21445268048781857
0.2144526804878186
0.19819299394581602
0.17133607234567033
0.14157950211247544
0.11434067296430042
0.09174360526617796
0.08493372138196517
0.10901941534039561
0.1415794466849557
0.18390743319671646
0.23288392503395994
0.27442793143600624
0.2862343121976775
0.28623431219767764
0.2744279314360062
0.23288392503395997
0.18390743319671635
0.1415794466849557
0.10901941534039561
0.08493372138196517
0.09555283266343916
0.12659754869355833
0.17133613843656814
0.23288359255061886
0.28623267648638545
0.2804828717291144
0.26547014425679355
0.2654701442567934
0.2804828717291149
0.28623267648638473
0.23288359255061888
0.17133613843656811
0.12659754869355827
0.09555283266343917
0.10414856939883062
0.14157935038461028
0.1981930123240468
0.2744278489247436
0.28048339046249804
0.23849643683360233
0.20461580625502984
0.20461580625503006
0.2384964368336021
0.2804833904624979
0.2744278489247435
0.19819301232404676
0.14157935038461023
0.1041485693988306
0.10901931929471059
0.15037264591899518
0.21445216305730566
0.28623290629471904
0.2654697927540389
0.20462706217372306
0.1875138885850216
0.18751388858502183
0.20462706217372306
0.2654697927540406
0.2862329062947149
0.2144521630573057
0.15037264591899518
0.10901931929471059
0.10901931929471056
0.15037264591899518
0.2144521630573057
0.2862329062947218
0.2654697927540388
0.20462706217372306
0.18751388858502183
0.18751388858502183
0.20462706217372306
0.26546979275404003
0.28623290629471654
0.21445216305730563
0.15037264591899516
0.10901931929471059
0.10414856939883059
0.14157935038461017
0.19819301232404674
0.2744278489247436
0.28048339046249804
0.23849643683360255
0.20461580625502984
0.20461580625503006
0.23849643683360278
0.2804833904624981
0.27442784892474364
0.19819301232404676
0.14157935038461023
0.1041485693988306
0.09555283266343914
0.1265975486935583
0.1713361384365681
0.2328835925506188
0.2862326764863855
0.280482871729114
0.26547014425679394
0.26547014425679394
0.2804828717291149
0.2862326764863854
0.23288359255061883
0.17133613843656817
0.1265975486935583
0.09555283266343913
0.08493372138196517
0.10901941534039562
0.14157944668495573
0.18390743319671643
0.23288392503395988
0.2744279314360062
0.2862343121976719
0.2862343121976719
0.27442793143600624
0.2328839250339599
0.18390743319671637
0.14157944668495576
0.10901941534039562
0.08493372138196517
0.09174360526617796
0.11434067296430041
0.14157950211247547
0.17133607234567036
0.19819299394581602
0.21445268048781854
0.21445268048781854
0.19819299394581602
0.17133607234567036
0.14157950211247544
0.11434067296430042
0.09174360526617797
0.09174359963035335
0.10901950606225315
0.1265978705827604
0.14157949830779334
0.15037277257492554
0.1503727725749255
0.14157949830779337
0.1265978705827604
0.10901950606225314
0.09174359963035336
0.08493373593189506
0.09555300876168257
0.10414883594378699
0.10901971463738705
0.10901971463738702
0.10414883594378695
0.09555300876168257
0.08493373593189507
0.27523112843372116
0.29902525705353433
0.31244660800879065
0.31244660800879065
0.29902525705353433
0.2752311284337212
0.26464084328386783
0.312446260632001
0.3605261909471068
0.4010858530205773
0.4247384560076993
0.4247384560076993
0.4010858530205774
0.3605261909471068
0.312446260632001
0.26464084328386783
0.26464074952737066
0.32705891148050154
0.4010913803382832
0.4806916770896747
0.5517226691235231
0.5945797668802015
0.5945797668802015
0.5517226691235231
0.4806916770896747
0.40109138033828323
0.32705891148050154
0.26464074952737066
0.31244651560517755
0.40109173021340283
0.514008488553804
0.6433581666128847
0.7601071671832005
0.823282838908873
0.823282838908873
0.7601071671832004
0.6433581666128848
0.5140084885538039
0.40109173021340283
0.31244651560517755
0.27523107354553294
0.3605264576404074
0.4806911245487546
0.6433582994220064
0.8232849589224128
0.8612541741669804
0.8414502810639003
0.8414502810639002
0.8612541741669804
0.8232849589224127
0.6433582994220064
0.48069112454875457
0.36052645764040736
0.27523107354553294
0.2990253272115912
0.40109166383264566
0.5517223868447122
0.7601078904097633
0.8612548448778993
0.7964121506740648
0.7154889205795141
0.7154889205795139
0.7964121506740643
0.8612548448779
0.7601078904097633
0.5517223868447122
0.40109166383264566
0.29902532721159114
0.3124464334763141
0.42473871629127574
0.5945792310566842
0.823284038930489
0.8414505098752739
0.715491525532348
0.6138807263474058
0.6138807263474059
0.7154915255323482
0.8414505098752723
0.823284038930489
0.5945792310566842
0.42473871629127574
0.31244643347631407
0.3124464334763141
0.42473871629127574
0.5945792310566842
0.823284038930489
0.8414505098752735
0.7154915255323469
0.6138807263474058
0.6138807263474058
0.7154915255323482
0.8414505098752719
0.823284038930489
0.5945792310566842
0.4247387162912758
0.3124464334763141
0.2990253272115912
0.4010916638326457
0.5517223868447122
0.7601078904097632
0.8612548448778986
0.7964121506740649
0.7154889205795116
0.7154889205795119
0.7964121506740647
0.8612548448778998
0.7601078904097632
0.5517223868447122
0.4010916638326457
0.2990253272115912
0.2752310735455329
0.36052645764040736
0.4806911245487546
0.6433582994220064
0.8232849589224127
0.8612541741669804
0.8414502810638996
0.8414502810638999
0.8612541741669805
0.8232849589224127
0.6433582994220064
0.4806911245487546
0.36052645764040736
0.2752310735455329
0.31244651560517755
0.40109173021340283
0.514008488553804
0.6433581666128848
0.7601071671832005
0.8232828389088731
0.8232828389088731
0.7601071671832004
0.6433581666128848
0.514008488553804
0.40109173021340283
0.31244651560517755
0.26464074952737066
0.32705891148050154
0.40109138033828323
0.4806916770896747
0.5517226691235232
0.5945797668802015
0.5945797668802015
0.5517226691235231
0.4806916770896747
0.40109138033828323
0.3270589114805015
0.26464074952737066
0.26464084328386783
0.3124462606320009
0.3605261909471068
0.4010858530205773
0.42473845600769927
0.4247384560076993
0.4010858530205773
0.36052619094710675
0.312446260632001
0.26464084328386783
0.2752311284337212
0.29902525705353433
0.31244660800879065
0.31244660800879065
0.29902525705353433
0.2752311284337212
0.42466952294816435
0.4587193602439321
0.477765869345112
0.477765869345112
0.4587193602439321
0.42466952294816435
0.47776600740441016
0.5450989628362832
0.6008785116121319
0.6329913603852255
0.6329913603852254
0.6008785116121319
0.5450989628362832
0.47776600740441016
0.49837456546378156
0.6008783141450276
0.7078996462906461
0.801154671474427
0.8566834135266879
0.8566834135266878
0.801154671474427
0.7078996462906461
0.6008783141450276
0.4983745654637815
0.4777656696804162
0.6008777888172986
0.7518651167892527
0.9195399078520569
1.0722681250461235
1.1644246300071364
1.1644246300071366
1.0722681250461235
0.919539907852057
0.7518651167892527
0.6008777888172986
0.47776566968041617
0.42466914720018994
0.5450988191064132
0.7078983873530856
0.9195385813087774
1.164422080487391
1.3721416235280854
1.4311801782914058
1.4311801782914058
1.3721416235280854
1.164422080487391
0.9195385813087775
0.7078983873530856
0.5450988191064132
0.42466914720018994
0.45871636549032246
0.6008776336404545
0.8011524917224249
1.0722663558074057
1.3721417674682233
1.4354283694585461
1.402416314879727
1.402416314879727
1.4354283694585468
1.3721417674682233
1.0722663558074057
0.8011524917224249
0.6008776336404545
0.4587163654903225
0.47776581225464443
0.63298990621349
0.8566814665683696
1.1644221098697858
1.4311773200393192
1.4024210147833127
1.3273532241026496
1.3273532241026493
1.402421014783313
1.4311773200393172
1.164422109869786
0.8566814665683696
0.6329899062134899
0.4777658122546445
0.47776581225464443
0.63298990621349
0.8566814665683696
1.164422109869786
1.431177320039319
1.402421014783313
1.3273532241026496
1.3273532241026498
1.402421014783313
1.431177320039317
1.164422109869786
0.8566814665683696
0.6329899062134899
0.4777658122546445
0.45871636549032246
0.6008776336404547
0.801152491722425
1.0722663558074057
1.3721417674682233
1.435428369458549
1.4024163148797273
1.4024163148797273
1.4354283694585488
1.3721417674682233
1.072266355807406
0.801152491722425
0.6008776336404545
0.45871636549032246
0.42466914720018994
0.5450988191064132
0.7078983873530856
0.9195385813087775
1.164422080487391
1.3721416235280854
1.4311801782914004
1.4311801782914002
1.3721416235280854
1.164422080487391
0.9195385813087776
0.7078983873530855
0.5450988191064132
0.42466914720019
0.47776566968041617
0.6008777888172986
0.7518651167892528
0.9195399078520569
1.0722681250461235
1.1644246300071366
1.1644246300071366
1.0722681250461237
0.919539907852057
0.7518651167892527
0.6008777888172986
0.4777656696804161
0.4983745654637815
0.6008783141450276
0.7078996462906461
0.801154671474427
0.8566834135266879
0.8566834135266879
0.801154671474427
0.7078996462906461
0.6008783141450276
0.4983745654637815
0.47776600740441016
0.5450989628362832
0.6008785116121319
0.6329913603852255
0.6329913603852254
0.600878511612132
0.5450989628362832
0.47776600740441016
0.4246695229481644
0.4587193602439321
0.477765869345112
0.477765869345112
0.4587193602439322
0.42466952294816435
0.5945385015823835
0.5945385015823835
0.5945378751524043
0.6688730680005333
0.729044312572394
0.7631404362377727
0.7631404362377727
0.729044312572394
0.6688730680005333
0.5945378751524043
0.6174964124569587
0.7290431642508125
0.8412305412762499
0.9358829933615501
0.9910623539180399
0.9910623539180399
0.9358829933615502
0.8412305412762499
0.7290431642508126
0.6174964124569587
0.5945374382714272
0.7290428124669769
0.8861856588616857
1.0526131799044784
1.1993578186344458
1.287358642078312
1.2873586420783119
1.1993578186344458
1.0526131799044784
0.8861856588616858
0.7290428124669768
0.5945374382714272
0.6688719006833347
0.8412291881185422
1.0526122329162275
1.2873561860315932
1.5011744160215188
1.6301943495410929
1.6301943495410929
1.5011744160215186
1.2873561860315932
1.0526122329162273
0.8412291881185422
0.6688719006833347
0.7290423133494031
0.9358813134342496
1.1993558436217653
1.5011722321885688
1.7735873527190213
1.9210147023745798
1.9210147023745798
1.7735873527190213
1.5011722321885688
1.199355843621765
0.9358813134342496
0.7290423133494031
0.5945377565473724
0.763137729200673
0.9910597139838904
1.2873561931485222
1.6301919874557576
1.9210026708567947
2.0036572832789816
2.003657283278981
1.9210026708567947
1.6301919874557576
1.2873561931485222
0.9910597139838903
0.763137729200673
0.5945377565473724
0.5945377565473725
0.7631377292006729
0.9910597139838903
1.2873561931485222
1.6301919874557576
1.9210026708567947
2.0036572832789816
2.003657283278981
1.9210026708567942
1.6301919874557576
1.2873561931485222
0.9910597139838903
0.7631377292006729
0.5945377565473724
0.7290423133494031
0.9358813134342495
1.199355843621765
1.5011722321885688
1.7735873527190213
1.9210147023745798
1.9210147023745798
1.7735873527190211
1.5011722321885688
1.1993558436217653
0.9358813134342495
0.7290423133494031
0.6688719006833347
0.8412291881185422
1.0526122329162275
1.2873561860315932
1.5011744160215186
1.6301943495410929
1.6301943495410929
1.5011744160215186
1.2873561860315932
1.0526122329162275
0.8412291881185423
0.6688719006833347
0.5945374382714272
0.7290428124669768
0.8861856588616857
1.0526131799044784
1.1993578186344458
1.287358642078312
1.2873586420783119
1.199357818634446
1.0526131799044787
0.8861856588616857
0.7290428124669768
0.5945374382714272
0.6174964124569587
0.7290431642508126
0.8412305412762499
0.9358829933615501
0.9910623539180399
0.99106235391804
0.9358829933615501
0.8412305412762499
0.7290431642508126
0.6174964124569587
0.5945378751524043
0.6688730680005333
0.729044312572394
0.7631404362377727
0.7631404362377726
0.729044312572394
0.6688730680005333
0.5945378751524043
0.5945385015823835
0.5945385015823835
0.7939246566568615
0.8256954286446067
0.8256954286446067
0.7939246566568615
0.7939240354445521
0.8970778479186761
0.9811813304190126
1.029073343351159
1.029073343351159
0.9811813304190127
0.8970778479186762
0.7939240354445521
0.7939219162890392
0.937340896334614
1.0815826634005434
1.2032795138607262
1.274220605246498
1.274220605246498
1.2032795138607262
1.0815826634005434
0.9373408963346141
0.7939219162890392
0.8970765797877629
1.0815815661849582
1.274219842653838
1.44207769503608
1.5420311137025817
1.5420311137025817
1.44207769503608
1.2742198426538378
1.0815815661849582
0.897076579787763
0.7939232363440061
0.9811793806522282
1.203277176669112
1.4420766145266888
1.6551716116011679
1.7837432581652948
1.783743258165295
1.6551716116011679
1.4420766145266888
1.203277176669112
0.9811793806522282
0.7939232363440061
0.8256936998183597
1.0290707127986432
1.2742192181201144
1.5420282815037198
1.7837401483132647
1.9300828621029562
1.9300828621029562
1.7837401483132644
1.5420282815037198
1.2742192181201144
1.0290707127986432
0.8256936998183597
0.8256936998183597
1.0290707127986432
1.2742192181201144
1.5420282815037198
1.7837401483132647
1.9300828621029562
1.9300828621029562
1.7837401483132644
1.5420282815037198
1.2742192181201144
1.0290707127986432
0.8256936998183597
0.7939232363440062
0.9811793806522282
1.203277176669112
1.4420766145266888
1.6551716116011677
1.783743258165295
1.783743258165295
1.6551716116011677
1.4420766145266888
1.203277176669112
0.9811793806522282
0.7939232363440061
0.897076579787763
1.0815815661849582
1.2742198426538378
1.44207769503608
1.5420311137025817
1.5420311137025817
1.44207769503608
1.274219842653838
1.0815815661849582
0.897076579787763
0.7939219162890392
0.937340896334614
1.0815826634005437
1.2032795138607262
1.2742206052464982
1.2742206052464982
1.2032795138607262
1.0815826634005437
0.9373408963346141
0.7939219162890392
0.7939240354445521
0.8970778479186762
0.9811813304190126
1.029073343351159
1.029073343351159
0.9811813304190126
0.8970778479186762
0.7939240354445521
0.7939246566568615
0.8256954286446065
0.8256954286446067
0.7939246566568615
0.9703537913611273
1.00918484999143
1.00918484999143
0.9703537913611272
0.9342729348293355
1.0510869474106612
1.1456402516011996
1.199219676113564
1.199219676113564
1.1456402516011996
1.0510869474106612
0.9342729348293355
1.0510862963432654
1.1992187001441341
1.3219341518240093
1.3925812269322604
1.3925812269322604
1.3219341518240093
1.199218700144134
1.0510862963432654
0.9703524473595052
1.1456398775458567
1.321932535819597
1.4706724521998789
1.5573787335392852
1.5573787335392852
1.4706724521998789
1.321932535819597
1.1456398775458567
0.9703524473595052
1.0091837422981298
1.1992193692918025
1.392579486639243
1.5573773541425584
1.6541031651171783
1.654103165117178
1.5573773541425582
1.392579486639243
1.1992193692918023
1.0091837422981298
1.0091837422981298
1.1992193692918023
1.392579486639243
1.5573773541425586
1.654103165117178
1.6541031651171783
1.5573773541425584
1.3925794866392427
1.1992193692918023
1.0091837422981298
0.9703524473595052
1.145639877545857
1.321932535819597
1.4706724521998789
1.557378733539285
1.5573787335392852
1.4706724521998789
1.321932535819597
1.1456398775458567
0.9703524473595052
1.0510862963432654
1.199218700144134
1.3219341518240093
1.3925812269322604
1.3925812269322604
1.3219341518240093
1.1992187001441341
1.0510862963432654
0.9342729348293354
1.0510869474106612
1.1456402516011996
1.1992196761135643
1.199219676113564
1.1456402516011996
1.0510869474106612
0.9342729348293355
0.9703537913611273
1.00918484999143
1.00918484999143
0.9703537913611273
1.1041423518411446
1.1041423518411446
1.1041418546695143
1.1926709273474332
1.242192452996464
1.242192452996464
1.1926709273474332
1.104141854669514
1.1926705834220013
1.2957791235168128
1.3539374335343144
1.3539374335343142
1.295779123516813
1.1926705834220015
1.1041426437647086
1.2421921367800124
1.353936898762008
1.4172578043099606
1.4172578043099606
1.353936898762008
1.2421921367800122
1.1041426437647086
1.1041426437647088
1.2421921367800124
1.353936898762008
1.4172578043099606
1.4172578043099604
1.353936898762008
1.2421921367800122
1.1041426437647086
1.1926705834220013
1.295779123516813
1.3539374335343144
1.3539374335343144
1.2957791235168128
1.1926705834220013
1.1041418546695143
1.1926709273474332
1.242192452996464
1.2421924529964643
1.1926709273474332
1.1041418546695143
1.1041423518411446
1.1041423518411446