-0.9101764129605076
-0.9101764129605076
-0.9101763118665244
-0.9828965247925481
-1.0235532721968288
-1.0235532721968286
-0.9828965247925482
-0.9101763118665244
-0.9828960876084729
-1.067530202833139
-1.1152384145727097
-1.1152384145727097
-1.0675302028331388
-0.9828960876084729
-0.9101757661984786
-1.0235525369479257
-1.1152377540965739
-1.1671552053655954
-1.1671552053655954
-1.1152377540965739
-1.0235525369479257
-0.9101757661984787
-0.9101757661984786
-1.0235525369479257
-1.1152377540965739
-1.1671552053655954
-1.1671552053655954
-1.1152377540965739
-1.0235525369479257
-0.9101757661984786
-0.9828960876084729
-1.067530202833139
-1.1152384145727097
-1.1152384145727097
-1.0675302028331388
-0.9828960876084729
-0.9101763118665244
-0.9828965247925482
-1.0235532721968286
-1.0235532721968286
-0.9828965247925481
-0.9101763118665244
-0.9101764129605077
-0.9101764129605077
-0.7997897868818533
-0.8316810038479863
-0.8316810038479862
-0.7997897868818534
-0.7701494273798182
-0.8660825282963593
-0.9436621778616476
-0.9875950364688517
-0.9875950364688518
-0.9436621778616476
-0.8660825282963593
-0.7701494273798182
-0.86608185892651
-0.9875936773623406
-1.0881186640828897
-1.145930732002141
-1.145930732002141
-1.0881186640828897
-0.9875936773623406
-0.86608185892651
-0.7997885189797854
-0.9436615679723981
-1.0881176317062644
-1.2097773591817702
-1.2805945818849802
-1.28059458188498
-1.2097773591817702
-1.0881176317062644
-0.9436615679723981
-0.7997885189797854
-0.8316796035899143
-0.9875933593351793
-1.1459285739635543
-1.2805932740099706
-1.3594947236272463
-1.359494723627246
-1.2805932740099706
-1.1459285739635543
-0.9875933593351793
-0.8316796035899143
-0.8316796035899143
-0.9875933593351793
-1.1459285739635543
-1.2805932740099706
-1.359494723627246
-1.359494723627246
-1.2805932740099706
-1.1459285739635543
-0.9875933593351793
-0.8316796035899143
-0.7997885189797855
-0.9436615679723981
-1.0881176317062644
-1.2097773591817702
-1.2805945818849802
-1.2805945818849802
-1.2097773591817702
-1.0881176317062644
-0.9436615679723981
-0.7997885189797855
-0.86608185892651
-0.9875936773623406
-1.0881186640828895
-1.145930732002141
-1.145930732002141
-1.0881186640828897
-0.9875936773623406
-0.8660818589265099
-0.7701494273798182
-0.8660825282963592
-0.9436621778616476
-0.9875950364688518
-0.9875950364688517
-0.9436621778616476
-0.8660825282963593
-0.7701494273798183
-0.7997897868818534
-0.8316810038479863
-0.8316810038479863
-0.7997897868818534
-0.654375300837603
-0.6804670640215515
-0.6804670640215515
-0.654375300837603
-0.6543734579097886
-0.7390595246529874
-0.8080311288704154
-0.8472756628724636
-0.8472756628724636
-0.8080311288704153
-0.7390595246529874
-0.6543734579097886
-0.6543730690721907
-0.7720877275561803
-0.8902791419461444
-0.9898198461122094
-1.0477616086157424
-1.0477616086157424
-0.9898198461122093
-0.8902791419461444
-0.7720877275561803
-0.6543730690721907
-0.7390583710459793
-0.890276800390435
-1.0477597700554377
-1.1845741630009525
-1.265822436956585
-1.265822436956585
-1.1845741630009525
-1.0477597700554377
-0.8902768003904349
-0.7390583710459793
-0.6543725652788461
-0.8080293734074426
-0.9898104320807564
-1.18457216942076
-1.3575544955618917
-1.4614353333536338
-1.4614353333536338
-1.3575544955618917
-1.1845721694207598
-0.9898104320807561
-0.8080293734074426
-0.6543725652788461
-0.680465156584305
-0.8472737500853479
-1.0477587266590203
-1.2658193671668059
-1.4614324936987315
-1.5790741249235833
-1.5790741249235833
-1.4614324936987317
-1.2658193671668059
-1.04775872665902
-0.8472737500853479
-0.680465156584305
-0.680465156584305
-0.8472737500853479
-1.0477587266590203
-1.2658193671668059
-1.4614324936987317
-1.5790741249235833
-1.5790741249235833
-1.4614324936987317
-1.2658193671668059
-1.04775872665902
-0.8472737500853478
-0.680465156584305
-0.6543725652788461
-0.8080293734074426
-0.9898104320807563
-1.1845721694207598
-1.3575544955618917
-1.4614353333536338
-1.4614353333536336
-1.3575544955618917
-1.18457216942076
-0.9898104320807564
-0.8080293734074426
-0.6543725652788461
-0.7390583710459794
-0.890276800390435
-1.0477597700554377
-1.1845741630009525
-1.2658224369565851
-1.265822436956585
-1.1845741630009525
-1.0477597700554375
-0.890276800390435
-0.7390583710459794
-0.6543730690721907
-0.7720877275561803
-0.8902791419461444
-0.9898198461122094
-1.0477616086157424
-1.0477616086157424
-0.9898198461122094
-0.8902791419461445
-0.7720877275561803
-0.6543730690721907
-0.6543734579097886
-0.7390595246529873
-0.8080311288704153
-0.8472756628724636
-0.8472756628724636
-0.8080311288704153
-0.7390595246529874
-0.6543734579097886
-0.654375300837603
-0.6804670640215515
-0.6804670640215515
-0.654375300837603
-0.49009624919535816
-0.49009624919535816
-0.49009566865397436
-0.5511442051682187
-0.6005139816510108
-0.6284697427067134
-0.6284697427067134
-0.6005139816510108
-0.5511442051682188
-0.49009566865397436
-0.508957072124166
-0.6005173085796134
-0.6924388338020263
-0.7698591699118986
-0.8149247925660769
-0.8149247925660769
-0.7698591699118987
-0.6924388338020263
-0.6005173085796134
-0.508957072124166
-0.49009533882457323
-0.6005125697264329
-0.7292274209931475
-0.8651339126427378
-0.9845291041000465
-1.0558787891675476
-1.0558787891675474
-0.9845291041000463
-0.8651339126427378
-0.7292274209931475
-0.6005125697264329
-0.49009533882457323
-0.5511432508701126
-0.6924373758903632
-0.8651328709654612
-1.0558761756549844
-1.2281721739197156
-1.3310706795111644
-1.3310706795111642
-1.2281721739197156
-1.0558761756549844
-0.8651328709654612
-0.6924373758903632
-0.5511432508701125
-0.6005121953169634
-0.7698580303744675
-0.9845262453867921
-1.228169298602681
-1.4437790087564257
-1.5554158147568404
-1.5554158147568404
-1.4437790087564255
-1.228169298602681
-0.984526245386792
-0.7698580303744675
-0.6005121953169634
-0.49009541039985194
-0.6284674762078004
-0.8149221023528073
-1.0558754631953693
-1.3310676013265843
-1.5554137096669078
-1.5990965046204408
-1.5990965046204408
-1.5554137096669078
-1.3310676013265843
-1.055875463195369
-0.8149221023528072
-0.6284674762078004
-0.49009541039985194
-0.49009541039985194
-0.6284674762078005
-0.8149221023528072
-1.055875463195369
-1.3310676013265843
-1.555413709666908
-1.5990965046204408
-1.5990965046204408
-1.5554137096669078
-1.3310676013265843
-1.055875463195369
-0.8149221023528072
-0.6284674762078004
-0.49009541039985194
-0.6005121953169635
-0.7698580303744675
-0.9845262453867921
-1.228169298602681
-1.4437790087564255
-1.5554158147568407
-1.5554158147568407
-1.4437790087564255
-1.228169298602681
-0.9845262453867921
-0.7698580303744674
-0.6005121953169634
-0.5511432508701125
-0.6924373758903632
-0.8651328709654612
-1.0558761756549844
-1.2281721739197153
-1.3310706795111642
-1.3310706795111642
-1.2281721739197156
-1.0558761756549844
-0.8651328709654612
-0.6924373758903632
-0.5511432508701125
-0.49009533882457323
-0.6005125697264329
-0.7292274209931475
-0.8651339126427378
-0.9845291041000465
-1.0558787891675476
-1.0558787891675476
-0.9845291041000465
-0.8651339126427378
-0.7292274209931475
-0.6005125697264329
-0.4900953388245732
-0.508957072124166
-0.6005173085796134
-0.6924388338020263
-0.7698591699118986
-0.814924792566077
-0.8149247925660769
-0.7698591699118987
-0.6924388338020264
-0.6005173085796134
-0.508957072124166
-0.49009566865397447
-0.5511442051682188
-0.6005139816510108
-0.6284697427067134
-0.6284697427067134
-0.6005139816510108
-0.5511442051682187
-0.49009566865397436
-0.49009624919535816
-0.49009624919535816
-0.3500678141234396
-0.3780364431164529
-0.3936736726922107
-0.3936736726922107
-0.3780364431164529
-0.3500678141234396
-0.3936734428665561
-0.4489054782642734
-0.4945990929422507
-0.5208774306770627
-0.5208774306770627
-0.4945990929422506
-0.4489054782642734
-0.39367344286655603
-0.4105877078980454
-0.4945997906570675
-0.5820882939052912
-0.6580965148810866
-0.7032335758558268
-0.7032335758558268
-0.6580965148810866
-0.5820882939052912
-0.4945997906570675
-0.4105877078980454
-0.3936732243103993
-0.4945982919151193
-0.6179518718773866
-0.7541965728339104
-0.8772646117838749
-0.9507632555498301
-0.9507632555498301
-0.8772646117838749
-0.7541965728339103
-0.6179518718773866
-0.4945982919151193
-0.39367322431039925
-0.3500684712419099
-0.4489050170787919
-0.5820870783611005
-0.7541951843520811
-0.9507636090626315
-1.1110100888055507
-1.1422105988082007
-1.1422105988082007
-1.1110100888055505
-0.9507636090626315
-0.7541951843520811
-0.5820870783611005
-0.4489050170787919
-0.3500684712419099
-0.3780358965584061
-0.49459832531305836
-0.6580943930488488
-0.877261909082646
-1.1110091678732932
-1.121549066474141
-1.0720032501717338
-1.0720032501717338
-1.1215490664741412
-1.1110091678732932
-0.877261909082646
-0.6580943930488486
-0.4945983253130583
-0.3780358965584061
-0.3936734095036972
-0.5208761409425304
-0.7032316951972521
-0.9507621674494763
-1.1422097209607225
-1.0720196431846425
-0.9968428258724207
-0.9968428258724207
-1.0720196431846425
-1.1422097209607216
-0.9507621674494763
-0.7032316951972521
-0.5208761409425304
-0.3936734095036972
-0.3936734095036973
-0.5208761409425304
-0.7032316951972521
-0.9507621674494763
-1.1422097209607225
-1.0720196431846425
-0.9968428258724207
-0.9968428258724209
-1.0720196431846425
-1.1422097209607216
-0.9507621674494763
-0.7032316951972521
-0.5208761409425304
-0.3936734095036973
-0.3780358965584061
-0.4945983253130583
-0.6580943930488486
-0.8772619090826461
-1.1110091678732932
-1.1215490664741434
-1.0720032501717343
-1.072003250171734
-1.1215490664741432
-1.111009167873293
-0.877261909082646
-0.6580943930488486
-0.49459832531305825
-0.3780358965584061
-0.3500684712419099
-0.4489050170787919
-0.5820870783611005
-0.7541951843520811
-0.9507636090626315
-1.1110100888055505
-1.142210598808196
-1.142210598808196
-1.1110100888055505
-0.9507636090626314
-0.7541951843520811
-0.5820870783611005
-0.4489050170787919
-0.3500684712419099
-0.3936732243103993
-0.4945982919151193
-0.6179518718773866
-0.7541965728339103
-0.8772646117838749
-0.95076325554983
-0.9507632555498301
-0.8772646117838749
-0.7541965728339103
-0.6179518718773868
-0.4945982919151193
-0.3936732243103993
-0.4105877078980454
-0.4945997906570675
-0.5820882939052912
-0.6580965148810864
-0.7032335758558268
-0.7032335758558268
-0.6580965148810864
-0.5820882939052912
-0.4945997906570675
-0.4105877078980454
-0.39367344286655614
-0.4489054782642734
-0.49459909294225063
-0.5208774306770627
-0.5208774306770627
-0.49459909294225063
-0.44890547826427346
-0.39367344286655614
-0.3500678141234396
-0.3780364431164529
-0.3936736726922107
-0.39367367269221076
-0.3780364431164529
-0.35006781412343957
-0.22682128756617584
-0.2463524847933357
-0.25736212111524354
-0.25736212111524354
-0.24635248479333574
-0.22682128756617578
-0.21812370417064963
-0.25736188121759007
-0.2967583673326204
-0.32993844345228734
-0.34925157046096744
-0.34925157046096744
-0.3299384434522874
-0.2967583673326204
-0.25736188121759007
-0.21812370417064963
-0.2181237665128006
-0.26934296000870583
-0.32993810781453486
-0.3948559606881745
-0.4525163207553583
-0.4871438364596491
-0.4871438364596491
-0.4525163207553583
-0.3948559606881745
-0.32993810781453486
-0.2693429600087059
-0.2181237665128006
-0.2573621105740206
-0.3299383180813492
-0.42193840920107994
-0.5263573925602565
-0.6187603366252794
-0.6666032818105574
-0.6666032818105573
-0.6187603366252794
-0.5263573925602565
-0.42193840920107994
-0.3299383180813492
-0.2573621105740206
-0.2268213564307775
-0.29675522577211577
-0.39485652627395273
-0.5263532562176546
-0.6666057240787617
-0.6729291702109338
-0.6432082571917719
-0.6432082571917719
-0.6729291702109311
-0.6666057240787616
-0.5263532562176547
-0.39485652627395273
-0.29675522577211577
-0.2268213564307775
-0.24635250817746965
-0.32993839295892885
-0.4525168248353282
-0.6187611019558262
-0.6729287263229946
-0.5981073305830906
-0.5359188842138476
-0.5359188842138476
-0.5981073305830904
-0.6729287263229966
-0.6187611019558262
-0.4525168248353282
-0.3299383929589289
-0.24635250817746968
-0.25736201947209386
-0.34925221482085367
-0.4871436626738993
-0.6666044156887437
-0.6432080065028207
-0.5359199270636319
-0.46980973204999193
-0.4698097320499919
-0.5359199270636315
-0.6432080065028203
-0.6666044156887438
-0.48714366267389925
-0.3492522148208536
-0.25736201947209386
-0.2573620194720939
-0.3492522148208536
-0.48714366267389925
-0.6666044156887437
-0.643208006502819
-0.5359199270636319
-0.4698097320499919
-0.4698097320499919
-0.5359199270636319
-0.6432080065028185
-0.6666044156887437
-0.48714366267389925
-0.34925221482085367
-0.25736201947209386
-0.24635250817746968
-0.32993839295892885
-0.4525168248353281
-0.6187611019558263
-0.6729287263229933
-0.5981073305830906
-0.5359188842138475
-0.5359188842138475
-0.5981073305830903
-0.6729287263229954
-0.6187611019558261
-0.4525168248353281
-0.3299383929589288
-0.24635250817746965
-0.22682135643077753
-0.29675522577211577
-0.39485652627395273
-0.5263532562176547
-0.6666057240787617
-0.6729291702109339
-0.6432082571917701
-0.6432082571917699
-0.6729291702109312
-0.6666057240787617
-0.5263532562176547
-0.3948565262739527
-0.2967552257721158
-0.22682135643077753
-0.25736211057402053
-0.3299383180813492
-0.42193840920107994
-0.5263573925602565
-0.6187603366252796
-0.6666032818105573
-0.6666032818105572
-0.6187603366252796
-0.5263573925602565
-0.42193840920108006
-0.3299383180813492
-0.25736211057402053
-0.21812376651280058
-0.2693429600087059
-0.32993810781453486
-0.3948559606881745
-0.4525163207553583
-0.4871438364596491
-0.4871438364596492
-0.4525163207553583
-0.39485596068817447
-0.32993810781453486
-0.2693429600087059
-0.21812376651280058
-0.21812370417064963
-0.25736188121759007
-0.2967583673326204
-0.3299384434522874
-0.3492515704609675
-0.3492515704609674
-0.3299384434522874
-0.2967583673326204
-0.25736188121759007
-0.2181237041706496
-0.2268212875661758
-0.2463524847933357
-0.25736212111524354
-0.2573621211152435
-0.2463524847933357
-0.2268212875661758
-0.07001336774339077
-0.07873454636044223
-0.08578727949239369
-0.089780959639901
-0.089780959639901
-0.0857872794923937
-0.07873454636044225
-0.07001336774339079
-0.07560703363845299
-0.08978080850740282
-0.10417496904710591
-0.11641713169006643
-0.1235900843483678
-0.12359008434836774
-0.11641713169006648
-0.10417496904710588
-0.08978080850740282
-0.075607033638453
-0.07560703270093133
-0.09414123221014825
-0.11641701625606374
-0.14064603491585487
-0.16238094416381238
-0.17545215344293952
-0.1754521534429395
-0.16238094416381238
-0.1406460349158549
-0.11641701625606374
-0.09414123221014827
-0.07560703270093132
-0.07001336521786836
-0.08978070893082718
-0.11641702430108666
-0.15083874794763807
-0.19015176316336452
-0.22220098742798214
-0.2284413120644237
-0.22844131206442375
-0.2222009874279821
-0.19015176316336446
-0.15083874794763802
-0.11641702430108668
-0.08978070893082715
-0.07001336521786837
-0.07873437623547049
-0.10417476498976867
-0.14064614594158997
-0.1901518502748598
-0.2284390068142434
-0.21440216229664508
-0.19936762904023636
-0.19936762904023642
-0.21440216229664516
-0.2284390068142428
-0.1901518502748599
-0.14064614594159003
-0.1041747649897687
-0.07873437623547047
-0.08578702764711263
-0.11641710097323182
-0.162380867024575
-0.22220097373421002
-0.21440155429689245
-0.17863947900238683
-0.15660246433673555
-0.15660246433673558
-0.17863947900238691
-0.2144015542968921
-0.22220097373420997
-0.162380867024575
-0.11641710097323182
-0.08578702764711263
-0.08978060580809949
-0.12358999577152231
-0.17545167157430733
-0.22844202096920369
-0.19936757055845256
-0.15660352384690177
-0.14470418720121075
-0.14470418720121075
-0.15660352384690174
-0.1993675705584525
-0.22844202096919827
-0.1754516715743073
-0.1235899957715223
-0.08978060580809948
-0.08978060580809946
-0.12358999577152231
-0.17545167157430736
-0.22844202096920635
-0.19936757055845183
-0.1566035238469018
-0.1447041872012107
-0.1447041872012108
-0.1566035238469018
-0.19936757055845153
-0.22844202096919958
-0.17545167157430733
-0.12358999577152234
-0.08978060580809949
-0.08578702764711264
-0.11641710097323182
-0.16238086702457508
-0.22220097373421
-0.21440155429689306
-0.17863947900238647
-0.15660246433673555
-0.1566024643367356
-0.1786394790023867
-0.21440155429689295
-0.22220097373420994
-0.16238086702457502
-0.11641710097323182
-0.08578702764711263
-0.07873437623547049
-0.10417476498976869
-0.14064614594159
-0.1901518502748598
-0.2284390068142448
-0.2144021622966451
-0.1993676290402368
-0.199367629040237
-0.21440216229664538
-0.228439006814244
-0.1901518502748598
-0.14064614594159003
-0.1041747649897687
-0.07873437623547049
-0.07001336521786836
-0.08978070893082718
-0.11641702430108666
-0.15083874794763805
-0.1901517631633645
-0.22220098742798206
-0.22844131206442
-0.22844131206442
-0.22220098742798206
-0.19015176316336452
-0.15083874794763802
-0.11641702430108669
-0.08978070893082718
-0.07001336521786836
-0.07560703270093132
-0.09414123221014822
-0.11641701625606375
-0.14064603491585484
-0.16238094416381238
-0.17545215344293955
-0.17545215344293952
-0.16238094416381235
-0.14064603491585484
-0.11641701625606372
-0.09414123221014822
-0.0756070327009313
-0.07560703363845299
-0.08978080850740283
-0.1041749690471059
-0.11641713169006644
-0.12359008434836777
-0.12359008434836774
-0.11641713169006643
-0.10417496904710591
-0.08978080850740282
-0.07560703363845298
-0.07001336774339079
-0.07873454636044225
-0.0857872794923937
-0.08978095963990099
-0.08978095963990099
-0.0857872794923937
-0.07873454636044222
-0.07001336774339077
0.07001336774339079
0.07873454636044223
0.08578727949239369
0.08978095963990099
0.089780959639901
0.08578727949239369
0.07873454636044223
0.07001336774339079
0.07560703363845298
0.08978080850740283
0.1041749690471059
0.11641713169006641
0.12359008434836777
0.12359008434836777
0.1164171316900664
0.10417496904710587
0.0897808085074028
0.07560703363845299
0.07560703270093133
0.09414123221014824
0.11641701625606377
0.14064603491585487
0.16238094416381232
0.1754521534429395
0.17545215344293955
0.16238094416381232
0.14064603491585487
0.11641701625606375
0.09414123221014827
0.07560703270093133
0.07001336521786836
0.08978070893082717
0.11641702430108664
0.15083874794763802
0.19015176316336446
0.22220098742798214
0.2284413120644237
0.22844131206442372
0.22220098742798208
0.1901517631633645
0.15083874794763805
0.11641702430108666
0.08978070893082715
0.07001336521786836
0.07873437623547047
0.10417476498976863
0.14064614594159003
0.19015185027485987
0.2284390068142446
0.21440216229664488
0.19936762904023625
0.1993676290402363
0.21440216229664488
0.228439006814244
0.1901518502748598
0.14064614594158997
0.10417476498976865
0.07873437623547049
0.08578702764711264
0.1164171009732318
0.162380867024575
0.22220097373420994
0.21440155429689234
0.17863947900238664
0.15660246433673564
0.15660246433673553
0.17863947900238658
0.21440155429689212
0.22220097373420994
0.162380867024575
0.1164171009732318
0.08578702764711262
0.08978060580809946
0.12358999577152231
0.17545167157430733
0.22844202096920369
0.19936757055845244
0.15660352384690174
0.1447041872012108
0.1447041872012107
0.1566035238469019
0.19936757055845233
0.22844202096919985
0.1754516715743073
0.1235899957715223
0.08978060580809946
0.0897806058080995
0.12358999577152233
0.17545167157430736
0.22844202096920635
0.19936757055845156
0.1566035238469018
0.1447041872012107
0.14470418720121075
0.15660352384690185
0.19936757055845128
0.22844202096920144
0.1754516715743073
0.12358999577152231
0.08978060580809952
0.08578702764711262
0.1164171009732318
0.16238086702457502
0.2222009737342099
0.21440155429689278
0.17863947900238675
0.15660246433673553
0.15660246433673547
0.17863947900238697
0.21440155429689267
0.22220097373420986
0.162380867024575
0.1164171009732318
0.08578702764711263
0.0787343762354705
0.10417476498976866
0.14064614594159
0.19015185027485984
0.2284390068142446
0.21440216229664488
0.19936762904023642
0.19936762904023642
0.2144021622966451
0.22843900681424445
0.1901518502748598
0.14064614594158992
0.10417476498976866
0.07873437623547046
0.07001336521786836
0.08978070893082718
0.11641702430108669
0.15083874794763805
0.19015176316336443
0.22220098742798217
0.22844131206442359
0.2284413120644235
0.22220098742798214
0.19015176316336443
0.15083874794763805
0.11641702430108666
0.08978070893082717
0.07001336521786836
0.0756070327009313
0.09414123221014824
0.11641701625606374
0.14064603491585487
0.16238094416381238
0.17545215344293952
0.1754521534429396
0.16238094416381235
0.1406460349158549
0.11641701625606371
0.09414123221014825
0.07560703270093133
0.075607033638453
0.08978080850740283
0.10417496904710588
0.11641713169006643
0.12359008434836774
0.12359008434836775
0.11641713169006643
0.1041749690471059
0.0897808085074028
0.075607033638453
0.07001336774339079
0.07873454636044223
0.08578727949239368
0.08978095963990099
0.08978095963990101
0.08578727949239369
0.07873454636044222
0.07001336774339077
0.2268212875661758
0.24635248479333569
0.25736212111524354
0.25736212111524354
0.24635248479333566
0.22682128756617578
0.2181237041706496
0.25736188121759007
0.29675836733262034
0.3299384434522874
0.34925157046096744
0.34925157046096744
0.32993844345228734
0.2967583673326204
0.25736188121759
0.2181237041706496
0.2181237665128006
0.2693429600087059
0.3299381078145348
0.39485596068817447
0.4525163207553583
0.48714383645964915
0.48714383645964915
0.4525163207553583
0.39485596068817447
0.32993810781453486
0.2693429600087059
0.21812376651280058
0.2573621105740206
0.3299383180813492
0.42193840920108
0.5263573925602565
0.6187603366252794
0.6666032818105572
0.6666032818105572
0.6187603366252794
0.5263573925602564
0.42193840920108
0.32993831808134916
0.25736211057402053
0.22682135643077755
0.29675522577211577
0.3948565262739528
0.5263532562176547
0.6666057240787617
0.6729291702109337
0.6432082571917717
0.6432082571917719
0.6729291702109338
0.6666057240787617
0.5263532562176547
0.39485652627395273
0.29675522577211577
0.22682135643077755
0.24635250817746962
0.32993839295892885
0.4525168248353282
0.6187611019558261
0.6729287263229946
0.5981073305830906
0.5359188842138476
0.5359188842138476
0.5981073305830904
0.6729287263229976
0.6187611019558261
0.4525168248353282
0.32993839295892885
0.24635250817746968
0.25736201947209386
0.34925221482085367
0.4871436626738992
0.6666044156887436
0.6432080065028207
0.5359199270636317
0.469809732049992
0.4698097320499919
0.5359199270636319
0.6432080065028194
0.6666044156887436
0.4871436626738992
0.3492522148208536
0.25736201947209386
0.2573620194720939
0.34925221482085367
0.4871436626738992
0.6666044156887436
0.6432080065028206
0.5359199270636312
0.4698097320499919
0.4698097320499918
0.5359199270636319
0.6432080065028194
0.6666044156887436
0.48714366267389914
0.3492522148208536
0.25736201947209386
0.24635250817746965
0.32993839295892885
0.4525168248353282
0.6187611019558261
0.6729287263229926
0.5981073305830906
0.5359188842138474
0.5359188842138474
0.5981073305830904
0.6729287263229957
0.6187611019558261
0.4525168248353282
0.32993839295892885
0.24635250817746968
0.22682135643077755
0.29675522577211577
0.3948565262739528
0.5263532562176547
0.6666057240787616
0.6729291702109339
0.6432082571917699
0.6432082571917698
0.6729291702109339
0.6666057240787616
0.5263532562176547
0.3948565262739527
0.29675522577211577
0.22682135643077755
0.2573621105740206
0.32993831808134916
0.42193840920107994
0.5263573925602565
0.6187603366252794
0.6666032818105572
0.6666032818105572
0.6187603366252794
0.5263573925602565
0.42193840920108
0.32993831808134916
0.2573621105740206
0.21812376651280058
0.2693429600087059
0.32993810781453486
0.39485596068817447
0.45251632075535836
0.4871438364596491
0.4871438364596491
0.4525163207553583
0.3948559606881745
0.3299381078145349
0.2693429600087059
0.2181237665128006
0.2181237041706496
0.25736188121759007
0.29675836733262034
0.3299384434522874
0.34925157046096744
0.34925157046096733
0.3299384434522874
0.29675836733262034
0.25736188121759007
0.21812370417064958
0.2268212875661758
0.2463524847933357
0.2573621211152435
0.25736212111524354
0.2463524847933357
0.22682128756617578
0.3500678141234396
0.3780364431164529
0.3936736726922107
0.3936736726922107
0.3780364431164529
0.3500678141234396
0.3936734428665561
0.44890547826427346
0.4945990929422507
0.5208774306770626
0.5208774306770626
0.4945990929422506
0.44890547826427346
0.39367344286655614
0.4105877078980454
0.4945997906570675
0.5820882939052912
0.6580965148810864
0.7032335758558268
0.7032335758558268
0.6580965148810864
0.5820882939052912
0.4945997906570675
0.41058770789804533
0.3936732243103993
0.49459829191511934
0.6179518718773868
0.7541965728339104
0.8772646117838748
0.9507632555498301
0.95076325554983
0.8772646117838748
0.7541965728339103
0.6179518718773868
0.4945982919151193
0.3936732243103993
0.3500684712419099
0.44890501707879193
0.5820870783611005
0.7541951843520811
0.9507636090626315
1.1110100888055505
1.1422105988081994
1.1422105988081994
1.1110100888055507
0.9507636090626314
0.7541951843520811
0.5820870783611004
0.4489050170787919
0.3500684712419099
0.378035896558406
0.4945983253130583
0.6580943930488488
0.877261909082646
1.1110091678732932
1.1215490664741408
1.072003250171734
1.0720032501717338
1.1215490664741414
1.111009167873293
0.8772619090826459
0.6580943930488486
0.4945983253130583
0.378035896558406
0.3936734095036973
0.5208761409425304
0.7032316951972523
0.9507621674494764
1.1422097209607234
1.0720196431846427
0.9968428258724206
0.9968428258724206
1.0720196431846427
1.1422097209607216
0.9507621674494763
0.7032316951972521
0.5208761409425304
0.3936734095036973
0.3936734095036973
0.5208761409425304
0.7032316951972523
0.9507621674494763
1.1422097209607234
1.0720196431846427
0.9968428258724206
0.9968428258724205
1.0720196431846427
1.1422097209607214
0.9507621674494762
0.7032316951972523
0.5208761409425304
0.3936734095036973
0.3780358965584061
0.49459832531305836
0.6580943930488486
0.8772619090826459
1.1110091678732932
1.1215490664741434
1.072003250171734
1.0720032501717343
1.1215490664741432
1.111009167873293
0.877261909082646
0.6580943930488486
0.4945983253130583
0.378035896558406
0.3500684712419099
0.4489050170787919
0.5820870783611005
0.7541951843520812
0.9507636090626315
1.1110100888055505
1.1422105988081943
1.1422105988081943
1.1110100888055505
0.9507636090626315
0.7541951843520811
0.5820870783611004
0.4489050170787918
0.3500684712419099
0.3936732243103993
0.4945982919151192
0.6179518718773866
0.7541965728339103
0.8772646117838749
0.9507632555498301
0.95076325554983
0.8772646117838749
0.7541965728339103
0.6179518718773866
0.4945982919151193
0.3936732243103993
0.4105877078980454
0.49459979065706755
0.5820882939052912
0.6580965148810864
0.7032335758558268
0.7032335758558268
0.6580965148810866
0.5820882939052912
0.4945997906570675
0.4105877078980454
0.39367344286655614
0.4489054782642734
0.49459909294225063
0.5208774306770627
0.5208774306770626
0.49459909294225063
0.44890547826427346
0.3936734428665561
0.3500678141234396
0.3780364431164529
0.3936736726922107
0.39367367269221076
0.37803644311645285
0.3500678141234396
0.4900962491953581
0.49009624919535816
0.49009566865397436
0.5511442051682188
0.6005139816510108
0.6284697427067134
0.6284697427067134
0.6005139816510108
0.5511442051682188
0.49009566865397436
0.508957072124166
0.6005173085796134
0.6924388338020263
0.7698591699118986
0.8149247925660769
0.8149247925660769
0.7698591699118986
0.6924388338020263
0.6005173085796134
0.508957072124166
0.49009533882457323
0.600512569726433
0.7292274209931475
0.8651339126427378
0.9845291041000463
1.0558787891675476
1.0558787891675474
0.9845291041000463
0.8651339126427378
0.7292274209931475
0.6005125697264329
0.4900953388245732
0.5511432508701125
0.6924373758903632
0.8651328709654612
1.0558761756549844
1.2281721739197156
1.3310706795111644
1.3310706795111642
1.2281721739197153
1.0558761756549844
0.8651328709654612
0.6924373758903634
0.5511432508701126
0.6005121953169634
0.7698580303744675
0.984526245386792
1.228169298602681
1.4437790087564255
1.5554158147568407
1.5554158147568407
1.4437790087564255
1.2281692986026809
0.984526245386792
0.7698580303744675
0.6005121953169635
0.49009541039985194
0.6284674762078005
0.8149221023528072
1.055875463195369
1.3310676013265843
1.5554137096669078
1.5990965046204417
1.5990965046204417
1.5554137096669076
1.331067601326584
1.055875463195369
0.8149221023528072
0.6284674762078004
0.49009541039985194
0.49009541039985194
0.6284674762078005
0.8149221023528072
1.0558754631953693
1.331067601326584
1.5554137096669078
1.5990965046204417
1.5990965046204417
1.5554137096669078
1.3310676013265843
1.055875463195369
0.8149221023528072
0.6284674762078005
0.49009541039985194
0.6005121953169635
0.7698580303744675
0.9845262453867921
1.228169298602681
1.4437790087564255
1.5554158147568407
1.5554158147568407
1.4437790087564255
1.228169298602681
0.9845262453867921
0.7698580303744675
0.6005121953169634
0.5511432508701125
0.6924373758903632
0.8651328709654613
1.0558761756549844
1.2281721739197153
1.3310706795111644
1.3310706795111644
1.2281721739197156
1.0558761756549844
0.8651328709654612
0.6924373758903634
0.5511432508701125
0.4900953388245732
0.6005125697264329
0.7292274209931475
0.8651339126427378
0.9845291041000463
1.0558787891675476
1.0558787891675476
0.9845291041000465
0.8651339126427378
0.7292274209931475
0.6005125697264329
0.4900953388245732
0.508957072124166
0.6005173085796134
0.6924388338020263
0.7698591699118986
0.8149247925660769
0.8149247925660769
0.7698591699118987
0.6924388338020263
0.6005173085796134
0.508957072124166
0.4900956686539744
0.5511442051682188
0.6005139816510108
0.6284697427067134
0.6284697427067134
0.6005139816510108
0.5511442051682188
0.4900956686539744
0.4900962491953582
0.49009624919535816
0.654375300837603
0.6804670640215515
0.6804670640215515
0.654375300837603
0.6543734579097886
0.7390595246529874
0.8080311288704154
0.8472756628724637
0.8472756628724636
0.8080311288704154
0.7390595246529874
0.6543734579097886
0.6543730690721906
0.7720877275561803
0.8902791419461444
0.9898198461122095
1.0477616086157424
1.0477616086157424
0.9898198461122094
0.8902791419461444
0.7720877275561803
0.6543730690721907
0.7390583710459794
0.8902768003904349
1.0477597700554377
1.1845741630009525
1.2658224369565851
1.2658224369565851
1.1845741630009528
1.0477597700554377
0.8902768003904349
0.7390583710459793
0.6543725652788461
0.8080293734074426
0.9898104320807564
1.1845721694207598
1.3575544955618917
1.4614353333536338
1.4614353333536338
1.3575544955618917
1.18457216942076
0.9898104320807564
0.8080293734074426
0.6543725652788461
0.680465156584305
0.8472737500853478
1.0477587266590203
1.2658193671668059
1.4614324936987317
1.5790741249235833
1.5790741249235833
1.4614324936987315
1.2658193671668059
1.0477587266590203
0.8472737500853478
0.680465156584305
0.680465156584305
0.8472737500853479
1.0477587266590203
1.2658193671668059
1.4614324936987317
1.5790741249235833
1.5790741249235833
1.4614324936987317
1.2658193671668059
1.04775872665902
0.8472737500853478
0.680465156584305
0.6543725652788462
0.8080293734074426
0.9898104320807563
1.18457216942076
1.3575544955618917
1.4614353333536338
1.4614353333536338
1.3575544955618917
1.18457216942076
0.9898104320807563
0.8080293734074426
0.6543725652788462
0.7390583710459794
0.890276800390435
1.0477597700554377
1.1845741630009525
1.265822436956585
1.265822436956585
1.1845741630009528
1.0477597700554377
0.890276800390435
0.7390583710459793
0.6543730690721907
0.7720877275561803
0.8902791419461444
0.9898198461122095
1.0477616086157424
1.0477616086157424
0.9898198461122094
0.8902791419461444
0.7720877275561803
0.6543730690721907
0.6543734579097886
0.7390595246529874
0.8080311288704154
0.8472756628724636
0.8472756628724636
0.8080311288704154
0.7390595246529874
0.6543734579097886
0.654375300837603
0.6804670640215515
0.6804670640215514
0.654375300837603
0.7997897868818534
0.8316810038479863
0.8316810038479863
0.7997897868818533
0.7701494273798182
0.8660825282963593
0.9436621778616476
0.9875950364688518
0.9875950364688518
0.9436621778616476
0.8660825282963593
0.7701494273798182
0.86608185892651
0.9875936773623406
1.0881186640828897
1.145930732002141
1.145930732002141
1.0881186640828897
0.9875936773623406
0.86608185892651
0.7997885189797855
0.9436615679723981
1.0881176317062642
1.2097773591817702
1.28059458188498
1.28059458188498
1.2097773591817702
1.0881176317062644
0.9436615679723981
0.7997885189797854
0.8316796035899143
0.9875933593351792
1.1459285739635545
1.2805932740099708
1.359494723627246
1.359494723627246
1.2805932740099708
1.1459285739635545
0.9875933593351793
0.8316796035899143
0.8316796035899143
0.9875933593351793
1.1459285739635545
1.2805932740099708
1.359494723627246
1.359494723627246
1.2805932740099708
1.1459285739635545
0.9875933593351793
0.8316796035899143
0.7997885189797855
0.9436615679723981
1.0881176317062642
1.20977735918177
1.28059458188498
1.28059458188498
1.2097773591817702
1.0881176317062642
0.9436615679723981
0.7997885189797854
0.86608185892651
0.9875936773623406
1.0881186640828897
1.145930732002141
1.145930732002141
1.0881186640828897
0.9875936773623406
0.8660818589265099
0.7701494273798182
0.8660825282963592
0.9436621778616476
0.9875950364688518
0.9875950364688518
0.9436621778616476
0.8660825282963593
0.7701494273798182
0.7997897868818533
0.8316810038479863
0.8316810038479862
0.7997897868818534
0.9101764129605076
0.9101764129605076
0.9101763118665244
0.9828965247925482
1.0235532721968286
1.0235532721968286
0.9828965247925481
0.9101763118665244
0.9828960876084729
1.0675302028331388
1.1152384145727097
1.1152384145727097
1.0675302028331388
0.9828960876084729
0.9101757661984786
1.0235525369479257
1.115237754096574
1.1671552053655954
1.1671552053655951
1.1152377540965739
1.0235525369479257
0.9101757661984787
0.9101757661984787
1.0235525369479257
1.1152377540965739
1.1671552053655954
1.1671552053655954
1.1152377540965739
1.0235525369479257
0.9101757661984787
0.9828960876084729
1.0675302028331388
1.1152384145727097
1.1152384145727097
1.0675302028331388
0.9828960876084729
0.9101763118665244
0.9828965247925482
1.0235532721968286
1.0235532721968288
0.9828965247925481
0.9101763118665244
0.9101764129605077
0.9101764129605076