-0.20570501361160926
-0.20570501361160926
-0.20570497141299388
-0.22311411492924038
-0.2329227595523581
-0.23292275955235814
-0.22311411492924038
-0.20570497141299388
-0.22311403588548492
-0.24359651679598732
-0.25525089616521207
-0.25525089616521207
-0.24359651679598726
-0.22311403588548492
-0.20570492400996992
-0.2329227782474815
-0.25525088054937534
-0.268026587565464
-0.26802658756546394
-0.2552508805493753
-0.23292277824748153
-0.20570492400996992
-0.20570492400996992
-0.2329227782474815
-0.2552508805493753
-0.26802658756546394
-0.26802658756546394
-0.25525088054937534
-0.2329227782474815
-0.20570492400996992
-0.22311403588548495
-0.24359651679598732
-0.255250896165212
-0.25525089616521207
-0.24359651679598732
-0.22311403588548492
-0.2057049714129939
-0.22311411492924038
-0.23292275955235814
-0.23292275955235817
-0.2231141149292404
-0.20570497141299388
-0.20570501361160926
-0.20570501361160926
-0.18113625287325072
-0.1887890998180966
-0.18878909981809663
-0.18113625287325075
-0.17405830394569569
-0.1970887188611149
-0.21598076244689163
-0.2267908981127168
-0.22679089811271683
-0.21598076244689163
-0.1970887188611149
-0.1740583039456957
-0.19708867088459606
-0.22679084365777974
-0.25185391987125466
-0.26648543781418677
-0.26648543781418677
-0.2518539198712546
-0.22679084365777974
-0.19708867088459608
-0.1811361636346503
-0.21598066301319885
-0.2518542349269216
-0.2828432077340373
-0.30124611200981116
-0.3012461120098111
-0.28284320773403737
-0.2518542349269216
-0.21598066301319885
-0.1811361636346503
-0.18878894093404835
-0.22679082259129013
-0.2664858114298546
-0.3012463232182932
-0.3220967820904209
-0.3220967820904209
-0.3012463232182932
-0.2664858114298546
-0.22679082259129013
-0.18878894093404835
-0.18878894093404835
-0.22679082259129013
-0.2664858114298546
-0.3012463232182932
-0.32209678209042086
-0.3220967820904209
-0.30124632321829325
-0.2664858114298546
-0.22679082259129013
-0.18878894093404835
-0.18113616363465032
-0.21598066301319885
-0.2518542349269216
-0.28284320773403737
-0.3012461120098111
-0.3012461120098111
-0.28284320773403737
-0.2518542349269216
-0.21598066301319885
-0.18113616363465035
-0.19708867088459603
-0.22679084365777974
-0.25185391987125466
-0.26648543781418677
-0.26648543781418677
-0.2518539198712546
-0.22679084365777974
-0.19708867088459608
-0.17405830394569574
-0.1970887188611149
-0.21598076244689163
-0.22679089811271683
-0.2267908981127168
-0.21598076244689166
-0.19708871886111493
-0.1740583039456957
-0.18113625287325072
-0.18878909981809663
-0.1887890998180966
-0.18113625287325075
-0.14820243249523374
-0.15446384806173288
-0.15446384806173288
-0.14820243249523377
-0.14820243999458368
-0.16864332197156284
-0.18555638333042374
-0.19529320397256505
-0.19529320397256505
-0.18555638333042374
-0.16864332197156284
-0.14820243999458368
-0.14820242984259502
-0.17671170771556036
-0.20606196119911996
-0.23141668133019896
-0.24647404406110415
-0.2464740440611042
-0.231416681330199
-0.20606196119911996
-0.17671170771556033
-0.14820242984259505
-0.16864337195895998
-0.20606185152046932
-0.24647449950544614
-0.2830164403240788
-0.3054684260418787
-0.3054684260418787
-0.2830164403240788
-0.24647449950544614
-0.20606185152046932
-0.16864337195895998
-0.14820252586807756
-0.1855563112877604
-0.23141654896222058
-0.28301654707742174
-0.3316110865589483
-0.36241726551496944
-0.36241726551496944
-0.3316110865589483
-0.28301654707742174
-0.2314165489622206
-0.1855563112877604
-0.14820252586807758
-0.15446401968297888
-0.19529301587069864
-0.246474444596643
-0.30546869567032947
-0.36241705144370295
-0.3992301880087257
-0.3992301880087257
-0.36241705144370295
-0.3054686956703295
-0.24647444459664297
-0.19529301587069864
-0.15446401968297888
-0.15446401968297888
-0.19529301587069864
-0.24647444459664297
-0.30546869567032947
-0.362417051443703
-0.3992301880087257
-0.3992301880087257
-0.36241705144370295
-0.30546869567032947
-0.246474444596643
-0.19529301587069867
-0.15446401968297888
-0.14820252586807753
-0.1855563112877604
-0.2314165489622206
-0.28301654707742174
-0.3316110865589483
-0.36241726551496944
-0.3624172655149695
-0.33161108655894833
-0.28301654707742174
-0.23141654896222064
-0.1855563112877604
-0.14820252586807753
-0.16864337195896
-0.20606185152046932
-0.24647449950544617
-0.2830164403240788
-0.3054684260418787
-0.3054684260418787
-0.2830164403240788
-0.24647449950544614
-0.20606185152046935
-0.16864337195896
-0.14820242984259502
-0.17671170771556036
-0.20606196119911996
-0.231416681330199
-0.24647404406110418
-0.24647404406110418
-0.231416681330199
-0.20606196119911996
-0.17671170771556036
-0.14820242984259502
-0.1482024399945837
-0.16864332197156284
-0.1855563833304237
-0.19529320397256503
-0.19529320397256508
-0.1855563833304237
-0.16864332197156284
-0.1482024399945837
-0.1482024324952338
-0.15446384806173286
-0.15446384806173288
-0.14820243249523377
-0.11076429674608007
-0.11076429674608007
-0.11076423963676006
-0.12542022973173683
-0.13744249770267403
-0.14432167162259107
-0.14432167162259107
-0.13744249770267403
-0.12542022973173683
-0.11076423963676006
-0.11526837085891269
-0.13744250464453048
-0.16027050185272998
-0.17999096498808312
-0.19170192009097542
-0.19170192009097545
-0.17999096498808312
-0.16027050185272998
-0.13744250464453045
-0.11526837085891269
-0.11076420030417744
-0.1374425219403966
-0.16958146864700263
-0.20497047933554238
-0.23758629918902552
-0.25791973055035805
-0.2579197305503581
-0.23758629918902552
-0.20497047933554235
-0.16958146864700263
-0.1374425219403966
-0.11076420030417743
-0.12542034586587533
-0.16027052228364197
-0.20497041320641649
-0.2579197811730256
-0.3105126975217408
-0.3453007133529376
-0.3453007133529377
-0.31051269752174077
-0.2579197811730256
-0.20497041320641649
-0.16027052228364197
-0.12542034586587536
-0.1374426328781899
-0.17999088885348355
-0.23758612798873902
-0.310512744768137
-0.3884196865563547
-0.4431887054859239
-0.4431887054859239
-0.3884196865563547
-0.310512744768137
-0.23758612798873902
-0.17999088885348355
-0.1374426328781899
-0.110764184502102
-0.14432190887128848
-0.19170174317209354
-0.2579201237645304
-0.3453008514095768
-0.4431882779066811
-0.5149227378425711
-0.5149227378425713
-0.4431882779066811
-0.3453008514095768
-0.25792012376453044
-0.19170174317209354
-0.14432190887128843
-0.110764184502102
-0.110764184502102
-0.14432190887128843
-0.19170174317209354
-0.25792012376453044
-0.3453008514095767
-0.443188277906681
-0.5149227378425714
-0.5149227378425713
-0.443188277906681
-0.3453008514095767
-0.2579201237645304
-0.19170174317209354
-0.14432190887128843
-0.110764184502102
-0.1374426328781899
-0.17999088885348355
-0.23758612798873902
-0.310512744768137
-0.3884196865563548
-0.4431887054859238
-0.4431887054859238
-0.38841968655635467
-0.310512744768137
-0.23758612798873902
-0.17999088885348358
-0.13744263287818986
-0.12542034586587536
-0.16027052228364197
-0.20497041320641649
-0.2579197811730256
-0.3105126975217408
-0.34530071335293766
-0.3453007133529376
-0.3105126975217408
-0.2579197811730256
-0.20497041320641649
-0.160270522283642
-0.12542034586587536
-0.11076420030417741
-0.13744252194039663
-0.1695814686470026
-0.20497047933554235
-0.23758629918902552
-0.25791973055035805
-0.25791973055035805
-0.23758629918902555
-0.20497047933554238
-0.1695814686470026
-0.13744252194039663
-0.11076420030417744
-0.1152683708589127
-0.13744250464453048
-0.16027050185272998
-0.17999096498808315
-0.19170192009097542
-0.19170192009097542
-0.17999096498808315
-0.16027050185272995
-0.1374425046445305
-0.11526837085891269
-0.11076423963676005
-0.12542022973173683
-0.13744249770267403
-0.14432167162259107
-0.14432167162259107
-0.13744249770267403
-0.12542022973173683
-0.11076423963676006
-0.11076429674608008
-0.11076429674608006
-0.0791173965321263
-0.08581324784614677
-0.08958584154127647
-0.08958584154127647
-0.08581324784614677
-0.0791173965321263
-0.08958582416456772
-0.1030868785800472
-0.11447884024632435
-0.12112971294263532
-0.12112971294263533
-0.11447884024632436
-0.1030868785800472
-0.08958582416456772
-0.09369071974863469
-0.11447879575279836
-0.13693000924884288
-0.15723129719084275
-0.16970465622742772
-0.16970465622742772
-0.15723129719084272
-0.13693000924884285
-0.11447879575279837
-0.0936907197486347
-0.08958579042014216
-0.11447875549411636
-0.14640751830306287
-0.18422827074185527
-0.22179470504208762
-0.24664349615121453
-0.24664349615121453
-0.2217947050420876
-0.18422827074185527
-0.14640751830306287
-0.11447875549411636
-0.08958579042014216
-0.07911742361127877
-0.10308674858322511
-0.13693002887887162
-0.1842282875807775
-0.24664347308780502
-0.31656354338576637
-0.36780122764034817
-0.36780122764034817
-0.31656354338576637
-0.246643473087805
-0.1842282875807775
-0.13693002887887165
-0.10308674858322511
-0.07911742361127878
-0.08581319633372114
-0.11447873120569185
-0.1572313564213654
-0.22179448124697088
-0.3165634831002596
-0.4376055791563594
-0.5377979727619124
-0.5377979727619123
-0.43760557915635945
-0.3165634831002596
-0.22179448124697088
-0.15723135642136543
-0.11447873120569188
-0.08581319633372113
-0.08958574582323081
-0.12112986231411575
-0.1697045756446325
-0.24664371880124042
-0.367801108177685
-0.5377985705018704
-0.6921348363620974
-0.6921348363620974
-0.5377985705018704
-0.36780110817768497
-0.24664371880124042
-0.16970457564463248
-0.12112986231411571
-0.08958574582323081
-0.08958574582323081
-0.12112986231411574
-0.16970457564463248
-0.2466437188012404
-0.367801108177685
-0.5377985705018704
-0.6921348363620976
-0.6921348363620975
-0.5377985705018704
-0.367801108177685
-0.24664371880124042
-0.16970457564463248
-0.12112986231411574
-0.08958574582323081
-0.08581319633372114
-0.11447873120569188
-0.15723135642136543
-0.22179448124697088
-0.3165634831002596
-0.43760557915635945
-0.5377979727619122
-0.5377979727619123
-0.4376055791563594
-0.3165634831002596
-0.22179448124697088
-0.15723135642136543
-0.11447873120569187
-0.08581319633372114
-0.07911742361127878
-0.10308674858322511
-0.13693002887887165
-0.1842282875807775
-0.24664347308780504
-0.31656354338576637
-0.36780122764034817
-0.3678012276403482
-0.31656354338576637
-0.24664347308780504
-0.1842282875807775
-0.13693002887887165
-0.10308674858322511
-0.0791174236112788
-0.08958579042014214
-0.11447875549411635
-0.1464075183030629
-0.1842282707418553
-0.2217947050420876
-0.2466434961512145
-0.24664349615121453
-0.2217947050420876
-0.1842282707418553
-0.14640751830306287
-0.11447875549411636
-0.08958579042014217
-0.09369071974863472
-0.11447879575279836
-0.13693000924884285
-0.15723129719084275
-0.16970465622742772
-0.16970465622742772
-0.15723129719084272
-0.13693000924884285
-0.11447879575279837
-0.0936907197486347
-0.08958582416456773
-0.1030868785800472
-0.11447884024632435
-0.1211297129426353
-0.1211297129426353
-0.11447884024632435
-0.10308687858004721
-0.08958582416456773
-0.0791173965321263
-0.08581324784614677
-0.08958584154127647
-0.08958584154127645
-0.08581324784614677
-0.0791173965321263
-0.051487905023185135
-0.05621438511003929
-0.05890384376388785
-0.05890384376388784
-0.05621438511003929
-0.051487905023185135
-0.04940074882332461
-0.05890382649333248
-0.06868738695224587
-0.07713902562005161
-0.08215800056377072
-0.08215800056377072
-0.07713902562005161
-0.06868738695224588
-0.058903826493332485
-0.04940074882332461
-0.049400749527357096
-0.06185217609116023
-0.0771389921445376
-0.09433876261222793
-0.11053696517868758
-0.12080591157477358
-0.12080591157477359
-0.11053696517868758
-0.09433876261222793
-0.0771389921445376
-0.06185217609116022
-0.04940074952735709
-0.058903804376026464
-0.07713898984657681
-0.10182271399559258
-0.13307690994219473
-0.1664656779233947
-0.1899382726967901
-0.18993827269679006
-0.16646567792339467
-0.13307690994219473
-0.10182271399559256
-0.0771389898465768
-0.058903804376026464
-0.05148787856554137
-0.06868739783623341
-0.09433869791145141
-0.13307689779163884
-0.18993586398982462
-0.26256364934275644
-0.32267914039260986
-0.3226791403926099
-0.26256364934275644
-0.1899358639898246
-0.13307689779163884
-0.09433869791145141
-0.0686873978362334
-0.051487878565541365
-0.05621435892054613
-0.0771389592485621
-0.11053681749955105
-0.1664656284537017
-0.26256355697129424
-0.4152806689952113
-0.571270069548027
-0.5712700695480268
-0.4152806689952114
-0.2625635569712942
-0.16646562845370166
-0.11053681749955105
-0.0771389592485621
-0.05621435892054614
-0.05890381465471824
-0.08215791931326155
-0.12080595057494835
-0.1899379430334871
-0.3226787463424824
-0.5712696371315292
-0.7807529128424356
-0.7807529128424356
-0.5712696371315291
-0.3226787463424824
-0.1899379430334871
-0.12080595057494835
-0.08215791931326158
-0.05890381465471824
-0.05890381465471823
-0.08215791931326157
-0.12080595057494836
-0.1899379430334871
-0.32267874634248245
-0.5712696371315292
-0.7807529128424358
-0.7807529128424356
-0.5712696371315291
-0.3226787463424824
-0.1899379430334871
-0.12080595057494836
-0.08215791931326157
-0.05890381465471824
-0.056214358920546124
-0.0771389592485621
-0.11053681749955105
-0.16646562845370166
-0.2625635569712942
-0.4152806689952114
-0.5712700695480268
-0.5712700695480268
-0.4152806689952114
-0.2625635569712942
-0.16646562845370166
-0.11053681749955105
-0.0771389592485621
-0.05621435892054613
-0.05148787856554137
-0.06868739783623341
-0.09433869791145141
-0.13307689779163884
-0.18993586398982462
-0.26256364934275644
-0.32267914039260986
-0.3226791403926099
-0.26256364934275644
-0.1899358639898246
-0.13307689779163884
-0.09433869791145141
-0.06868739783623341
-0.05148787856554135
-0.058903804376026464
-0.0771389898465768
-0.10182271399559256
-0.13307690994219473
-0.1664656779233947
-0.1899382726967901
-0.1899382726967901
-0.16646567792339473
-0.13307690994219473
-0.10182271399559256
-0.0771389898465768
-0.05890380437602646
-0.049400749527357096
-0.06185217609116021
-0.0771389921445376
-0.09433876261222791
-0.1105369651786876
-0.12080591157477358
-0.12080591157477358
-0.11053696517868758
-0.09433876261222793
-0.07713899214453761
-0.06185217609116022
-0.049400749527357096
-0.04940074882332462
-0.05890382649333248
-0.06868738695224587
-0.07713902562005162
-0.08215800056377073
-0.08215800056377072
-0.07713902562005162
-0.06868738695224588
-0.058903826493332485
-0.04940074882332461
-0.051487905023185135
-0.056214385110039296
-0.05890384376388784
-0.05890384376388784
-0.0562143851100393
-0.05148790502318514
-0.01582344586854151
-0.017917124290564457
-0.019634597999870697
-0.020617343135675568
-0.020617343135675568
-0.019634597999870697
-0.017917124290564457
-0.01582344586854151
-0.01716260513114275
-0.02061732975027445
-0.024225878272659693
-0.02738593626794946
-0.029281443885680845
-0.029281443885680852
-0.02738593626794946
-0.024225878272659696
-0.02061732975027445
-0.017162605131142747
-0.01716259551586986
-0.021699191342548944
-0.02738592568082693
-0.03394086039481155
-0.04026853866582327
-0.044358902441562896
-0.044358902441562896
-0.04026853866582327
-0.033940860394811555
-0.027385925680826928
-0.021699191342548947
-0.01716259551586986
-0.01582353728592911
-0.020617361735275397
-0.02738591817046509
-0.0368455734807397
-0.04932857852953111
-0.06331272532968367
-0.07356028675927963
-0.07356028675927963
-0.06331272532968367
-0.049328578529531104
-0.03684557348073969
-0.02738591817046509
-0.0206173617352754
-0.015823537285929105
-0.017917109339184084
-0.024225903275058792
-0.03394082489690974
-0.049328669040294516
-0.07356010282042033
-0.10755941354050122
-0.1384271017850866
-0.1384271017850866
-0.10755941354050122
-0.07356010282042032
-0.04932866904029452
-0.03394082489690975
-0.024225903275058795
-0.017917109339184084
-0.019634567279747564
-0.027385954833693243
-0.04026853047475176
-0.06331251250005478
-0.10755924786464288
-0.1904227332616775
-0.2602505732099533
-0.2602505732099534
-0.1904227332616775
-0.10755924786464288
-0.06331251250005478
-0.04026853047475177
-0.027385954833693243
-0.019634567279747564
-0.020617306204086194
-0.02928141346836593
-0.04435878768767008
-0.07355997442998863
-0.13842655127288833
-0.26024291422936696
-0.3008916055266026
-0.3008916055266027
-0.26024291422936763
-0.13842655127288833
-0.07355997442998863
-0.04435878768767008
-0.02928141346836592
-0.020617306204086194
-0.020617306204086194
-0.029281413468365925
-0.04435878768767008
-0.07355997442998864
-0.13842655127288833
-0.2602429142293668
-0.3008916055266026
-0.30089160552660277
-0.2602429142293678
-0.13842655127288833
-0.07355997442998863
-0.044358787687670084
-0.02928141346836593
-0.020617306204086194
-0.019634567279747564
-0.027385954833693243
-0.04026853047475177
-0.06331251250005476
-0.10755924786464288
-0.19042273326167752
-0.2602505732099527
-0.2602505732099528
-0.19042273326167752
-0.10755924786464288
-0.06331251250005476
-0.04026853047475177
-0.027385954833693247
-0.019634567279747564
-0.017917109339184084
-0.024225903275058795
-0.03394082489690975
-0.049328669040294516
-0.07356010282042033
-0.10755941354050122
-0.13842710178508663
-0.13842710178508663
-0.1075594135405012
-0.07356010282042033
-0.04932866904029452
-0.03394082489690974
-0.024225903275058795
-0.017917109339184084
-0.01582353728592911
-0.0206173617352754
-0.027385918170465092
-0.03684557348073969
-0.04932857852953111
-0.06331272532968368
-0.07356028675927961
-0.07356028675927961
-0.06331272532968367
-0.04932857852953111
-0.03684557348073969
-0.02738591817046509
-0.020617361735275397
-0.015823537285929105
-0.01716259551586986
-0.021699191342548947
-0.027385925680826928
-0.03394086039481155
-0.04026853866582327
-0.0443589024415629
-0.0443589024415629
-0.040268538665823264
-0.03394086039481155
-0.027385925680826928
-0.021699191342548947
-0.017162595515869856
-0.01716260513114275
-0.02061732975027445
-0.024225878272659693
-0.02738593626794946
-0.029281443885680845
-0.02928144388568085
-0.02738593626794946
-0.024225878272659696
-0.02061732975027445
-0.017162605131142754
-0.01582344586854151
-0.01791712429056446
-0.019634597999870697
-0.020617343135675568
-0.020617343135675568
-0.019634597999870697
-0.017917124290564457
-0.015823445868541515
0.015823445868541515
0.017917124290564457
0.019634597999870697
0.020617343135675568
0.02061734313567557
0.019634597999870697
0.017917124290564457
0.015823445868541515
0.01716260513114275
0.020617329750274443
0.024225878272659696
0.02738593626794946
0.029281443885680856
0.029281443885680856
0.02738593626794946
0.024225878272659696
0.020617329750274447
0.01716260513114275
0.017162595515869863
0.02169919134254894
0.027385925680826925
0.03394086039481155
0.04026853866582328
0.044358902441562896
0.04435890244156289
0.04026853866582327
0.03394086039481155
0.02738592568082693
0.021699191342548944
0.017162595515869856
0.015823537285929105
0.020617361735275397
0.027385918170465085
0.03684557348073968
0.0493285785295311
0.06331272532968368
0.07356028675927961
0.07356028675927961
0.06331272532968367
0.04932857852953111
0.03684557348073969
0.027385918170465085
0.020617361735275397
0.015823537285929105
0.017917109339184084
0.024225903275058792
0.03394082489690974
0.049328669040294516
0.07356010282042033
0.10755941354050122
0.13842710178508658
0.13842710178508658
0.10755941354050119
0.07356010282042033
0.04932866904029451
0.033940824896909735
0.024225903275058792
0.017917109339184084
0.019634567279747564
0.027385954833693247
0.04026853047475177
0.06331251250005478
0.10755924786464287
0.19042273326167752
0.2602505732099529
0.2602505732099529
0.19042273326167752
0.10755924786464287
0.06331251250005478
0.04026853047475177
0.027385954833693243
0.019634567279747564
0.020617306204086194
0.02928141346836593
0.04435878768767007
0.07355997442998864
0.13842655127288833
0.2602429142293663
0.30089160552660266
0.3008916055266027
0.2602429142293672
0.13842655127288833
0.07355997442998863
0.04435878768767008
0.02928141346836593
0.020617306204086194
0.020617306204086194
0.029281413468365932
0.04435878768767008
0.07355997442998863
0.13842655127288836
0.26024291422936613
0.3008916055266026
0.3008916055266026
0.26024291422936746
0.13842655127288836
0.07355997442998864
0.04435878768767008
0.029281413468365925
0.020617306204086194
0.019634567279747567
0.027385954833693243
0.04026853047475177
0.06331251250005478
0.10755924786464287
0.1904227332616775
0.260250573209954
0.26025057320995404
0.1904227332616775
0.10755924786464288
0.06331251250005478
0.04026853047475177
0.027385954833693247
0.019634567279747567
0.017917109339184084
0.024225903275058795
0.033940824896909735
0.049328669040294516
0.07356010282042033
0.10755941354050119
0.13842710178508658
0.13842710178508658
0.10755941354050119
0.07356010282042033
0.049328669040294516
0.03394082489690974
0.024225903275058795
0.017917109339184084
0.015823537285929105
0.020617361735275397
0.027385918170465085
0.036845573480739684
0.049328578529531104
0.06331272532968368
0.07356028675927961
0.07356028675927961
0.06331272532968367
0.0493285785295311
0.03684557348073968
0.02738591817046508
0.020617361735275397
0.015823537285929105
0.017162595515869867
0.021699191342548944
0.027385925680826935
0.033940860394811555
0.04026853866582327
0.04435890244156289
0.04435890244156289
0.04026853866582327
0.03394086039481155
0.02738592568082693
0.021699191342548947
0.017162595515869863
0.01716260513114275
0.02061732975027445
0.024225878272659693
0.027385936267949464
0.029281443885680845
0.029281443885680845
0.027385936267949468
0.024225878272659696
0.020617329750274447
0.01716260513114275
0.01582344586854152
0.017917124290564457
0.019634597999870697
0.02061734313567557
0.020617343135675568
0.019634597999870697
0.017917124290564454
0.01582344586854152
0.05148790502318513
0.056214385110039296
0.058903843763887846
0.05890384376388783
0.05621438511003929
0.051487905023185135
0.04940074882332462
0.058903826493332485
0.06868738695224587
0.07713902562005161
0.08215800056377072
0.08215800056377072
0.07713902562005161
0.06868738695224587
0.058903826493332485
0.04940074882332462
0.049400749527357096
0.06185217609116022
0.0771389921445376
0.09433876261222793
0.11053696517868758
0.12080591157477355
0.12080591157477358
0.11053696517868758
0.09433876261222793
0.07713899214453761
0.06185217609116021
0.049400749527357096
0.05890380437602646
0.0771389898465768
0.10182271399559255
0.1330769099421947
0.1664656779233947
0.1899382726967901
0.1899382726967901
0.1664656779233947
0.13307690994219473
0.10182271399559255
0.0771389898465768
0.05890380437602646
0.05148787856554137
0.06868739783623341
0.09433869791145143
0.13307689779163884
0.18993586398982462
0.2625636493427564
0.3226791403926099
0.3226791403926099
0.26256364934275644
0.18993586398982462
0.13307689779163884
0.09433869791145143
0.06868739783623341
0.05148787856554135
0.05621435892054613
0.07713895924856208
0.11053681749955105
0.16646562845370166
0.2625635569712942
0.4152806689952114
0.5712700695480268
0.5712700695480268
0.4152806689952114
0.2625635569712942
0.16646562845370166
0.11053681749955105
0.0771389592485621
0.05621435892054613
0.05890381465471823
0.08215791931326157
0.12080595057494835
0.18993794303348707
0.3226787463424824
0.5712696371315291
0.7807529128424354
0.7807529128424353
0.5712696371315291
0.3226787463424824
0.1899379430334871
0.12080595057494835
0.08215791931326158
0.05890381465471822
0.05890381465471823
0.08215791931326157
0.12080595057494835
0.18993794303348707
0.32267874634248245
0.5712696371315292
0.7807529128424355
0.7807529128424354
0.5712696371315291
0.3226787463424824
0.18993794303348707
0.12080595057494835
0.08215791931326157
0.05890381465471822
0.056214358920546124
0.07713895924856208
0.11053681749955106
0.1664656284537017
0.2625635569712942
0.4152806689952113
0.5712700695480268
0.571270069548027
0.4152806689952113
0.2625635569712942
0.1664656284537017
0.11053681749955105
0.07713895924856208
0.05621435892054613
0.051487878565541344
0.06868739783623341
0.09433869791145143
0.13307689779163884
0.1899358639898246
0.2625636493427565
0.3226791403926099
0.3226791403926099
0.2625636493427565
0.18993586398982462
0.13307689779163884
0.09433869791145143
0.06868739783623341
0.05148787856554136
0.058903804376026464
0.07713898984657681
0.10182271399559256
0.13307690994219473
0.16646567792339467
0.1899382726967901
0.1899382726967901
0.1664656779233947
0.13307690994219473
0.10182271399559256
0.0771389898465768
0.05890380437602646
0.04940074952735709
0.06185217609116021
0.07713899214453761
0.09433876261222793
0.11053696517868758
0.12080591157477358
0.12080591157477358
0.11053696517868758
0.09433876261222793
0.07713899214453761
0.06185217609116022
0.04940074952735709
0.04940074882332462
0.058903826493332485
0.06868738695224587
0.07713902562005161
0.08215800056377072
0.08215800056377072
0.07713902562005161
0.06868738695224587
0.058903826493332485
0.04940074882332462
0.051487905023185135
0.056214385110039296
0.05890384376388783
0.05890384376388783
0.056214385110039296
0.05148790502318513
0.0791173965321263
0.08581324784614679
0.08958584154127648
0.08958584154127647
0.08581324784614677
0.0791173965321263
0.08958582416456772
0.1030868785800472
0.11447884024632436
0.12112971294263532
0.12112971294263532
0.11447884024632436
0.1030868785800472
0.08958582416456772
0.0936907197486347
0.11447879575279836
0.13693000924884288
0.15723129719084275
0.16970465622742772
0.16970465622742772
0.15723129719084272
0.13693000924884285
0.11447879575279835
0.09369071974863469
0.08958579042014216
0.11447875549411637
0.14640751830306287
0.18422827074185524
0.2217947050420876
0.24664349615121453
0.2466434961512145
0.2217947050420876
0.18422827074185527
0.1464075183030629
0.11447875549411635
0.08958579042014216
0.07911742361127878
0.10308674858322513
0.13693002887887162
0.1842282875807775
0.24664347308780496
0.31656354338576637
0.3678012276403481
0.3678012276403481
0.31656354338576637
0.246643473087805
0.18422828758077747
0.13693002887887165
0.10308674858322513
0.07911742361127877
0.08581319633372114
0.11447873120569185
0.15723135642136543
0.22179448124697082
0.31656348310025956
0.43760557915635945
0.5377979727619123
0.5377979727619123
0.43760557915635945
0.31656348310025956
0.22179448124697085
0.15723135642136543
0.11447873120569185
0.08581319633372114
0.08958574582323081
0.12112986231411574
0.1697045756446325
0.2466437188012404
0.36780110817768497
0.5377985705018703
0.6921348363620974
0.6921348363620975
0.5377985705018703
0.36780110817768497
0.24664371880124036
0.16970457564463248
0.12112986231411577
0.0895857458232308
0.08958574582323081
0.12112986231411574
0.1697045756446325
0.2466437188012404
0.36780110817768497
0.5377985705018704
0.6921348363620974
0.6921348363620974
0.5377985705018705
0.36780110817768497
0.2466437188012404
0.16970457564463248
0.12112986231411577
0.08958574582323083
0.08581319633372113
0.11447873120569187
0.15723135642136543
0.22179448124697085
0.3165634831002596
0.43760557915635945
0.5377979727619123
0.5377979727619124
0.4376055791563594
0.3165634831002596
0.22179448124697088
0.1572313564213654
0.11447873120569187
0.08581319633372114
0.0791174236112788
0.10308674858322513
0.13693002887887162
0.1842282875807775
0.24664347308780496
0.31656354338576637
0.36780122764034817
0.36780122764034817
0.3165635433857664
0.246643473087805
0.18422828758077747
0.13693002887887162
0.10308674858322513
0.07911742361127877
0.08958579042014216
0.11447875549411637
0.14640751830306287
0.18422827074185527
0.22179470504208762
0.24664349615121456
0.2466434961512146
0.22179470504208762
0.18422827074185527
0.14640751830306287
0.11447875549411636
0.08958579042014216
0.0936907197486347
0.11447879575279835
0.13693000924884285
0.1572312971908427
0.16970465622742775
0.16970465622742775
0.15723129719084275
0.13693000924884288
0.11447879575279836
0.0936907197486347
0.0895858241645677
0.10308687858004723
0.11447884024632435
0.12112971294263532
0.12112971294263532
0.11447884024632436
0.1030868785800472
0.0895858241645677
0.0791173965321263
0.08581324784614679
0.08958584154127647
0.08958584154127648
0.08581324784614679
0.07911739653212631
0.11076429674608007
0.11076429674608007
0.11076423963676006
0.1254202297317368
0.13744249770267403
0.14432167162259105
0.14432167162259105
0.13744249770267403
0.12542022973173683
0.11076423963676005
0.11526837085891269
0.13744250464453045
0.16027050185272998
0.17999096498808312
0.19170192009097542
0.19170192009097542
0.1799909649880831
0.16027050185272998
0.13744250464453048
0.1152683708589127
0.11076420030417744
0.1374425219403966
0.16958146864700258
0.20497047933554238
0.23758629918902552
0.2579197305503581
0.25791973055035805
0.2375862991890255
0.20497047933554235
0.16958146864700263
0.1374425219403966
0.11076420030417745
0.12542034586587533
0.16027052228364197
0.20497041320641649
0.2579197811730256
0.3105126975217409
0.3453007133529377
0.3453007133529377
0.3105126975217408
0.25791978117302555
0.2049704132064165
0.16027052228364197
0.12542034586587533
0.13744263287818992
0.17999088885348355
0.23758612798873904
0.31051274476813706
0.3884196865563548
0.4431887054859238
0.44318870548592376
0.3884196865563548
0.31051274476813706
0.23758612798873902
0.17999088885348352
0.1374426328781899
0.11076418450210201
0.14432190887128843
0.19170174317209357
0.25792012376453044
0.3453008514095767
0.4431882779066811
0.5149227378425713
0.5149227378425713
0.44318827790668114
0.3453008514095768
0.2579201237645304
0.19170174317209357
0.14432190887128843
0.11076418450210199
0.11076418450210201
0.14432190887128848
0.19170174317209357
0.2579201237645304
0.3453008514095768
0.4431882779066811
0.5149227378425713
0.5149227378425713
0.4431882779066811
0.3453008514095768
0.25792012376453044
0.19170174317209357
0.14432190887128843
0.11076418450210199
0.13744263287818986
0.17999088885348352
0.23758612798873904
0.310512744768137
0.3884196865563548
0.4431887054859238
0.4431887054859238
0.3884196865563548
0.310512744768137
0.23758612798873902
0.17999088885348352
0.1374426328781899
0.12542034586587536
0.160270522283642
0.20497041320641646
0.2579197811730256
0.3105126975217409
0.34530071335293766
0.34530071335293766
0.3105126975217408
0.25791978117302555
0.2049704132064165
0.160270522283642
0.12542034586587533
0.11076420030417744
0.13744252194039658
0.16958146864700263
0.20497047933554238
0.23758629918902552
0.25791973055035805
0.2579197305503581
0.23758629918902555
0.20497047933554238
0.16958146864700263
0.13744252194039663
0.11076420030417744
0.11526837085891269
0.13744250464453048
0.16027050185272998
0.17999096498808312
0.19170192009097542
0.19170192009097542
0.17999096498808312
0.16027050185272998
0.13744250464453048
0.1152683708589127
0.11076423963676005
0.1254202297317368
0.13744249770267405
0.14432167162259107
0.14432167162259107
0.13744249770267405
0.12542022973173683
0.11076423963676006
0.11076429674608007
0.11076429674608007
0.1482024324952338
0.15446384806173288
0.1544638480617329
0.14820243249523377
0.14820243999458368
0.16864332197156282
0.18555638333042368
0.19529320397256503
0.19529320397256505
0.1855563833304237
0.16864332197156282
0.14820243999458368
0.14820242984259502
0.17671170771556036
0.20606196119911996
0.23141668133019902
0.24647404406110424
0.24647404406110424
0.231416681330199
0.20606196119912
0.17671170771556033
0.14820242984259502
0.16864337195896
0.20606185152046935
0.24647449950544617
0.2830164403240788
0.3054684260418787
0.30546842604187874
0.28301644032407886
0.24647449950544614
0.20606185152046935
0.16864337195896
0.14820252586807758
0.18555631128776043
0.23141654896222064
0.28301654707742174
0.33161108655894833
0.36241726551496944
0.36241726551496944
0.33161108655894833
0.28301654707742174
0.23141654896222064
0.1855563112877604
0.14820252586807756
0.1544640196829789
0.19529301587069864
0.24647444459664294
0.30546869567032947
0.36241705144370295
0.3992301880087257
0.3992301880087257
0.362417051443703
0.30546869567032947
0.24647444459664297
0.19529301587069867
0.1544640196829789
0.1544640196829789
0.19529301587069864
0.24647444459664294
0.30546869567032947
0.3624170514437029
0.39923018800872573
0.39923018800872573
0.3624170514437029
0.3054686956703294
0.24647444459664297
0.19529301587069867
0.15446401968297888
0.14820252586807756
0.1855563112877604
0.23141654896222058
0.2830165470774217
0.3316110865589483
0.3624172655149695
0.3624172655149695
0.3316110865589483
0.28301654707742174
0.23141654896222058
0.18555631128776043
0.14820252586807756
0.16864337195896
0.20606185152046935
0.24647449950544617
0.2830164403240788
0.30546842604187874
0.3054684260418787
0.28301644032407886
0.24647449950544617
0.20606185152046932
0.16864337195895998
0.14820242984259502
0.17671170771556036
0.20606196119911993
0.231416681330199
0.24647404406110424
0.24647404406110424
0.231416681330199
0.20606196119911993
0.17671170771556033
0.14820242984259502
0.14820243999458368
0.16864332197156284
0.18555638333042374
0.19529320397256505
0.19529320397256505
0.1855563833304237
0.16864332197156287
0.14820243999458368
0.1482024324952338
0.15446384806173286
0.1544638480617329
0.1482024324952338
0.18113625287325075
0.1887890998180966
0.1887890998180966
0.18113625287325075
0.17405830394569574
0.1970887188611149
0.21598076244689168
0.2267908981127168
0.2267908981127168
0.21598076244689166
0.19708871886111487
0.1740583039456957
0.19708867088459608
0.22679084365777974
0.25185391987125466
0.26648543781418677
0.26648543781418677
0.25185391987125466
0.22679084365777974
0.19708867088459608
0.1811361636346503
0.21598066301319885
0.2518542349269216
0.28284320773403737
0.3012461120098111
0.3012461120098111
0.28284320773403737
0.2518542349269216
0.21598066301319885
0.1811361636346503
0.18878894093404835
0.2267908225912902
0.2664858114298546
0.30124632321829314
0.32209678209042086
0.32209678209042086
0.3012463232182932
0.26648581142985467
0.2267908225912902
0.18878894093404835
0.18878894093404835
0.2267908225912902
0.2664858114298546
0.30124632321829314
0.32209678209042086
0.32209678209042086
0.3012463232182932
0.2664858114298546
0.2267908225912902
0.18878894093404835
0.18113616363465032
0.21598066301319885
0.2518542349269216
0.28284320773403737
0.3012461120098111
0.3012461120098111
0.2828432077340374
0.2518542349269216
0.21598066301319885
0.18113616363465032
0.19708867088459606
0.22679084365777974
0.2518539198712546
0.2664854378141868
0.26648543781418677
0.25185391987125466
0.22679084365777974
0.19708867088459608
0.17405830394569574
0.1970887188611149
0.21598076244689168
0.2267908981127168
0.2267908981127168
0.21598076244689168
0.1970887188611149
0.1740583039456957
0.18113625287325077
0.1887890998180966
0.18878909981809663
0.18113625287325075
0.20570501361160928
0.20570501361160928
0.20570497141299388
0.22311411492924038
0.2329227595523581
0.2329227595523581
0.2231141149292404
0.20570497141299388
0.22311403588548492
0.2435965167959873
0.255250896165212
0.255250896165212
0.2435965167959873
0.22311403588548492
0.20570492400996992
0.2329227782474815
0.2552508805493753
0.26802658756546394
0.26802658756546394
0.2552508805493753
0.2329227782474815
0.20570492400996992
0.20570492400996992
0.2329227782474815
0.2552508805493753
0.26802658756546394
0.26802658756546394
0.2552508805493753
0.2329227782474815
0.20570492400996992
0.2231140358854849
0.2435965167959873
0.25525089616521207
0.25525089616521207
0.2435965167959873
0.22311403588548495
0.20570497141299388
0.22311411492924044
0.2329227595523581
0.23292275955235814
0.22311411492924038
0.20570497141299388
0.20570501361160926
0.20570501361160928