-0.7779466386610782
-0.8008689331103833
-0.8008689331103834
-0.7779466386610782
-0.8008690194975985
-0.8507932500369668
-0.8780363292388801
-0.8780363292388801
-0.8507932500369668
-0.8008690194975985
-0.7779458003947737
-0.850792888195403
-0.9069851790092459
-0.937800077745224
-0.9378000777452238
-0.9069851790092459
-0.850792888195403
-0.7779458003947736
-0.800868513473443
-0.8780360224896706
-0.937799649761162
-0.9706607307849647
-0.9706607307849646
-0.937799649761162
-0.8780360224896706
-0.800868513473443
-0.800868513473443
-0.8780360224896706
-0.9377996497611619
-0.9706607307849646
-0.9706607307849646
-0.9377996497611619
-0.8780360224896706
-0.800868513473443
-0.7779458003947736
-0.850792888195403
-0.9069851790092459
-0.9378000777452239
-0.9378000777452239
-0.9069851790092458
-0.850792888195403
-0.7779458003947736
-0.8008690194975985
-0.8507932500369667
-0.8780363292388802
-0.8780363292388801
-0.8507932500369668
-0.8008690194975985
-0.7779466386610782
-0.8008689331103833
-0.8008689331103834
-0.7779466386610782
-0.6940869096196516
-0.7373541769850603
-0.7609648042516896
-0.7609648042516896
-0.7373541769850603
-0.6940869096196517
-0.715098171160078
-0.7860543066796901
-0.8412384934767896
-0.871665698874847
-0.871665698874847
-0.8412384934767896
-0.7860543066796901
-0.715098171160078
-0.6940861291689444
-0.7860536564678806
-0.8716661123346824
-0.9391863480010049
-0.9767629016630531
-0.976762901663053
-0.939186348001005
-0.8716661123346825
-0.7860536564678806
-0.6940861291689444
-0.7373533965482078
-0.8412383080084691
-0.939186299041469
-1.0172559500041007
-1.0610020765299495
-1.0610020765299493
-1.0172559500041007
-0.939186299041469
-0.8412383080084691
-0.7373533965482079
-0.7609640034923091
-0.8716654345215199
-0.976761202280553
-1.0610048332575133
-1.1083797223575917
-1.1083797223575917
-1.0610048332575133
-0.976761202280553
-0.8716654345215199
-0.7609640034923092
-0.7609640034923091
-0.8716654345215198
-0.976761202280553
-1.0610048332575133
-1.1083797223575917
-1.1083797223575917
-1.0610048332575133
-0.9767612022805531
-0.8716654345215198
-0.7609640034923091
-0.7373533965482079
-0.8412383080084691
-0.939186299041469
-1.0172559500041007
-1.0610020765299495
-1.0610020765299493
-1.0172559500041005
-0.939186299041469
-0.8412383080084691
-0.7373533965482079
-0.6940861291689444
-0.7860536564678806
-0.8716661123346825
-0.939186348001005
-0.976762901663053
-0.976762901663053
-0.939186348001005
-0.8716661123346825
-0.7860536564678806
-0.6940861291689444
-0.715098171160078
-0.7860543066796901
-0.8412384934767896
-0.871665698874847
-0.871665698874847
-0.8412384934767896
-0.7860543066796901
-0.715098171160078
-0.6940869096196516
-0.7373541769850603
-0.7609648042516896
-0.7609648042516894
-0.7373541769850603
-0.6940869096196516
-0.6050839509818244
-0.64389429625051
-0.6651236387945733
-0.6651236387945733
-0.64389429625051
-0.6050839509818244
-0.5704942731051623
-0.6438937789494185
-0.7118179957300179
-0.7651269122408266
-0.7946970558698646
-0.7946970558698645
-0.7651269122408265
-0.7118179957300179
-0.6438937789494185
-0.5704942731051623
-0.6438931877641827
-0.7375637007598579
-0.8264903023970148
-0.8977699634204397
-0.937859695954637
-0.9378596959546371
-0.8977699634204397
-0.8264903023970147
-0.7375637007598578
-0.6438931877641826
-0.6050825258330923
-0.7118169723428163
-0.8264898263271216
-0.9378597426812827
-1.0287868111578538
-1.0805207205278877
-1.080520720527888
-1.0287868111578538
-0.9378597426812827
-0.8264898263271216
-0.7118169723428163
-0.6050825258330923
-0.6438926952256352
-0.7651256369224533
-0.8977697368231509
-1.0287852593203
-1.1371305681047201
-1.1992199564724002
-1.1992199564724002
-1.1371305681047201
-1.0287852593203
-0.8977697368231509
-0.7651256369224533
-0.6438926952256352
-0.6651217933531014
-0.7946956260342986
-0.9378590649606036
-1.0805173738306089
-1.1992179184274023
-1.2674236516274842
-1.2674236516274842
-1.1992179184274023
-1.0805173738306086
-0.9378590649606037
-0.7946956260342986
-0.6651217933531014
-0.6651217933531014
-0.7946956260342986
-0.9378590649606037
-1.0805173738306086
-1.1992179184274026
-1.2674236516274842
-1.2674236516274842
-1.1992179184274023
-1.0805173738306086
-0.9378590649606036
-0.7946956260342984
-0.6651217933531014
-0.6438926952256352
-0.7651256369224532
-0.8977697368231509
-1.0287852593203
-1.1371305681047201
-1.1992199564724002
-1.1992199564724002
-1.1371305681047201
-1.0287852593203
-0.8977697368231509
-0.7651256369224533
-0.6438926952256352
-0.6050825258330924
-0.7118169723428164
-0.8264898263271216
-0.9378597426812827
-1.0287868111578538
-1.0805207205278877
-1.0805207205278877
-1.0287868111578538
-0.9378597426812827
-0.8264898263271216
-0.7118169723428164
-0.6050825258330924
-0.6438931877641827
-0.7375637007598579
-0.8264903023970148
-0.8977699634204397
-0.937859695954637
-0.9378596959546371
-0.8977699634204398
-0.8264903023970147
-0.7375637007598579
-0.6438931877641826
-0.5704942731051622
-0.6438937789494186
-0.7118179957300179
-0.7651269122408265
-0.7946970558698646
-0.7946970558698646
-0.7651269122408265
-0.7118179957300179
-0.6438937789494185
-0.5704942731051623
-0.6050839509818244
-0.64389429625051
-0.6651236387945733
-0.6651236387945733
-0.64389429625051
-0.6050839509818244
-0.4805224836035253
-0.510477348007481
-0.5268233734419475
-0.5268233734419475
-0.510477348007481
-0.4805224836035253
-0.46676763559241274
-0.5268224890649801
-0.5823973279011831
-0.626013956280379
-0.6502076663670407
-0.6502076663670406
-0.626013956280379
-0.5823973279011831
-0.5268224890649801
-0.46676763559241274
-0.4667674367319668
-0.5441921622600299
-0.6260132219897804
-0.7042546686641353
-0.7673409788492839
-0.8029577837419934
-0.8029577837419934
-0.7673409788492839
-0.7042546686641353
-0.6260132219897804
-0.5441921622600299
-0.46676743673196675
-0.5268217070613308
-0.6260125699919721
-0.734539430265899
-0.8417329643121148
-0.9303793191582581
-0.9811817014986731
-0.9811817014986732
-0.930379319158258
-0.8417329643121146
-0.734539430265899
-0.6260125699919721
-0.5268217070613309
-0.480521259513291
-0.5823958829683401
-0.704252945906475
-0.841732435163418
-0.9811854721928412
-1.0983196321437334
-1.1656053789236
-1.1656053789236
-1.0983196321437334
-0.9811854721928412
-0.8417324351634179
-0.704252945906475
-0.58239588296834
-0.480521259513291
-0.5104756584156805
-0.6260119146927281
-0.7673391841356868
-0.9303776044267934
-1.098315006288103
-1.2389791255024654
-1.3177453590310768
-1.3177453590310768
-1.2389791255024654
-1.098315006288103
-0.9303776044267933
-0.7673391841356867
-0.6260119146927281
-0.5104756584156805
-0.5268210786544506
-0.6501946039044812
-0.8029395602276469
-0.9811784482684847
-1.1656030623273765
-1.3177424367786097
-1.398986901121389
-1.398986901121389
-1.3177424367786097
-1.1656030623273765
-0.9811784482684847
-0.8029395602276468
-0.6501946039044814
-0.5268210786544506
-0.5268210786544506
-0.6501946039044814
-0.8029395602276469
-0.9811784482684848
-1.1656030623273763
-1.3177424367786097
-1.398986901121389
-1.398986901121389
-1.3177424367786097
-1.1656030623273765
-0.9811784482684848
-0.8029395602276468
-0.6501946039044814
-0.5268210786544506
-0.5104756584156805
-0.6260119146927281
-0.7673391841356868
-0.9303776044267934
-1.098315006288103
-1.2389791255024654
-1.3177453590310768
-1.3177453590310768
-1.2389791255024654
-1.098315006288103
-0.9303776044267933
-0.7673391841356868
-0.6260119146927281
-0.5104756584156805
-0.480521259513291
-0.5823958829683401
-0.704252945906475
-0.841732435163418
-0.9811854721928411
-1.0983196321437334
-1.1656053789235998
-1.1656053789236
-1.0983196321437334
-0.9811854721928411
-0.841732435163418
-0.704252945906475
-0.58239588296834
-0.48052125951329094
-0.5268217070613309
-0.6260125699919721
-0.734539430265899
-0.8417329643121145
-0.930379319158258
-0.9811817014986732
-0.9811817014986733
-0.930379319158258
-0.8417329643121145
-0.734539430265899
-0.6260125699919721
-0.5268217070613309
-0.46676743673196675
-0.5441921622600299
-0.6260132219897804
-0.7042546686641353
-0.7673409788492839
-0.8029577837419934
-0.8029577837419934
-0.7673409788492839
-0.7042546686641352
-0.6260132219897804
-0.5441921622600299
-0.46676743673196675
-0.46676763559241274
-0.52682248906498
-0.5823973279011831
-0.626013956280379
-0.6502076663670407
-0.6502076663670407
-0.626013956280379
-0.5823973279011831
-0.5268224890649801
-0.46676763559241274
-0.48052248360352534
-0.510477348007481
-0.5268233734419475
-0.5268233734419475
-0.510477348007481
-0.48052248360352534
-0.3630419938430257
-0.373739411388975
-0.37373941138897493
-0.3630419938430257
-0.38505303099156907
-0.4232601312263766
-0.45297506582779296
-0.4693590337782432
-0.4693590337782432
-0.45297506582779296
-0.4232601312263767
-0.385053030991569
-0.40975046489770295
-0.4693587042105861
-0.5259494929880155
-0.5713100692708915
-0.5968218874666112
-0.5968218874666112
-0.5713100692708915
-0.5259494929880155
-0.46935870421058606
-0.40975046489770295
-0.4097501077064182
-0.48689904625982516
-0.5713089552628261
-0.6546822771559331
-0.7236307302033056
-0.7631407941675771
-0.763140794167577
-0.7236307302033056
-0.6546822771559331
-0.5713089552628261
-0.48689904625982516
-0.4097501077064182
-0.38505249953202236
-0.46935822622480405
-0.5713084353141614
-0.687602263588166
-0.80654067600684
-0.9065816724414367
-0.9636516810389972
-0.9636516810389972
-0.9065816724414366
-0.8065406760068401
-0.687602263588166
-0.5713084353141615
-0.46935822622480405
-0.3850524995320223
-0.4232592924827558
-0.5259479266377549
-0.6546807056469877
-0.8065423729841099
-0.9636505693593747
-1.088103676471777
-1.1453496282182913
-1.1453496282182913
-1.088103676471777
-0.9636505693593745
-0.8065423729841099
-0.6546807056469877
-0.5259479266377548
-0.42325929248275573
-0.36304102724188303
-0.45297411723428366
-0.5713075051559391
-0.7236275282093628
-0.9065795860360941
-1.0881036486174307
-1.1592981234325377
-1.1325413145322984
-1.1325413145322984
-1.1592981234325386
-1.0881036486174307
-0.906579586036094
-0.7236275282093628
-0.5713075051559391
-0.4529741172342836
-0.36304102724188303
-0.37373842096412613
-0.46935306352430434
-0.5968100963160266
-0.7631382357450502
-0.9635921963247239
-1.145347517930546
-1.1325412178946745
-1.0867979388954323
-1.0867979388954323
-1.1325412178946748
-1.1453475179305457
-0.9635921963247239
-0.7631382357450502
-0.5968100963160264
-0.46935306352430434
-0.37373842096412613
-0.3737384209641262
-0.4693530635243044
-0.5968100963160266
-0.7631382357450504
-0.963592196324724
-1.1453475179305457
-1.1325412178946745
-1.086797938895432
-1.0867979388954323
-1.1325412178946745
-1.1453475179305457
-0.9635921963247239
-0.7631382357450502
-0.5968100963160266
-0.46935306352430434
-0.37373842096412613
-0.36304102724188303
-0.45297411723428366
-0.5713075051559391
-0.7236275282093628
-0.9065795860360941
-1.0881036486174307
-1.1592981234325375
-1.1325413145322984
-1.1325413145322984
-1.1592981234325386
-1.0881036486174307
-0.9065795860360941
-0.7236275282093628
-0.5713075051559391
-0.4529741172342836
-0.36304102724188303
-0.4232592924827558
-0.5259479266377548
-0.6546807056469877
-0.8065423729841099
-0.9636505693593748
-1.088103676471777
-1.1453496282182916
-1.1453496282182916
-1.088103676471777
-0.9636505693593747
-0.8065423729841098
-0.6546807056469877
-0.5259479266377548
-0.42325929248275573
-0.38505249953202236
-0.46935822622480405
-0.5713084353141613
-0.687602263588166
-0.8065406760068401
-0.9065816724414367
-0.9636516810389972
-0.9636516810389972
-0.9065816724414367
-0.8065406760068401
-0.687602263588166
-0.5713084353141614
-0.46935822622480405
-0.38505249953202236
-0.4097501077064182
-0.4868990462598251
-0.5713089552628261
-0.6546822771559331
-0.7236307302033056
-0.7631407941675772
-0.7631407941675772
-0.7236307302033056
-0.6546822771559331
-0.5713089552628261
-0.4868990462598251
-0.4097501077064182
-0.4097504648977029
-0.4693587042105861
-0.5259494929880155
-0.5713100692708915
-0.5968218874666112
-0.5968218874666112
-0.5713100692708915
-0.5259494929880155
-0.4693587042105861
-0.4097504648977029
-0.385053030991569
-0.4232601312263766
-0.45297506582779296
-0.4693590337782432
-0.4693590337782432
-0.45297506582779296
-0.4232601312263766
-0.38505303099156896
-0.3630419938430257
-0.37373941138897493
-0.373739411388975
-0.3630419938430257
-0.2669562574278842
-0.2835976936021576
-0.2926787216958164
-0.2926787216958164
-0.2835976936021576
-0.2669562574278842
-0.26695614603705914
-0.30232828026061875
-0.3352559663078597
-0.3612255124680367
-0.37567734021860666
-0.37567734021860666
-0.3612255124680367
-0.3352559663078597
-0.3023282802606187
-0.26695614603705914
-0.2750375248337746
-0.32355299319410125
-0.37567687563329316
-0.4262995188115848
-0.46762852686682876
-0.49114540894935094
-0.491145408949351
-0.46762852686682876
-0.4262995188115848
-0.3756768756332931
-0.32355299319410125
-0.2750375248337746
-0.26695602113545114
-0.3235529833329695
-0.3912513028656558
-0.4676283978524505
-0.5450993868967522
-0.6101749477817588
-0.6475573465327475
-0.6475573465327474
-0.6101749477817588
-0.5450993868967522
-0.4676283978524505
-0.3912513028656558
-0.32355298333296945
-0.26695602113545114
-0.302327794894211
-0.3756767895519374
-0.4676282379189405
-0.576101049832294
-0.6883208399753302
-0.7772158499468826
-0.8181056563983802
-0.8181056563983802
-0.7772158499468826
-0.6883208399753302
-0.5761010498322942
-0.4676282379189404
-0.3756767895519374
-0.302327794894211
-0.2669558249508837
-0.33525538332165816
-0.42629910278044014
-0.5450984007930942
-0.6883196082781686
-0.8181040974443987
-0.808960858791417
-0.77627872023901
-0.77627872023901
-0.8089608587914172
-0.8181040974443987
-0.6883196082781686
-0.5450984007930941
-0.42629910278044003
-0.33525538332165816
-0.2669558249508837
-0.2835970735738158
-0.3612248664575001
-0.46762879891834824
-0.6101739348181863
-0.7772165826447806
-0.808961931657791
-0.7345041620746424
-0.6859722339403174
-0.6859722339403173
-0.7345041620746424
-0.80896193165779
-0.7772165826447806
-0.6101739348181863
-0.4676287989183483
-0.3612248664575001
-0.28359707357381575
-0.29267401020194
-0.37567653370281107
-0.49114298954436675
-0.6475560864031429
-0.8181035826764695
-0.7762786530198196
-0.6859731079361069
-0.6319124974447616
-0.6319124974447615
-0.685973107936107
-0.7762786530198198
-0.8181035826764695
-0.6475560864031428
-0.49114298954436675
-0.37567653370281107
-0.29267401020194
-0.29267401020194
-0.37567653370281107
-0.49114298954436675
-0.6475560864031429
-0.8181035826764695
-0.7762786530198201
-0.6859731079361069
-0.6319124974447616
-0.6319124974447616
-0.685973107936107
-0.7762786530198205
-0.8181035826764695
-0.6475560864031429
-0.49114298954436675
-0.37567653370281107
-0.29267401020194
-0.28359707357381575
-0.3612248664575001
-0.46762879891834835
-0.6101739348181863
-0.7772165826447806
-0.8089619316577905
-0.7345041620746425
-0.6859722339403174
-0.6859722339403174
-0.7345041620746426
-0.8089619316577898
-0.7772165826447804
-0.6101739348181863
-0.46762879891834835
-0.3612248664575001
-0.28359707357381575
-0.2669558249508837
-0.33525538332165816
-0.4262991027804401
-0.5450984007930941
-0.6883196082781686
-0.8181040974443987
-0.8089608587914171
-0.77627872023901
-0.77627872023901
-0.808960858791417
-0.8181040974443987
-0.6883196082781686
-0.5450984007930941
-0.4262991027804401
-0.33525538332165816
-0.2669558249508837
-0.302327794894211
-0.3756767895519374
-0.4676282379189405
-0.5761010498322942
-0.6883208399753302
-0.7772158499468828
-0.8181056563983802
-0.8181056563983802
-0.7772158499468828
-0.6883208399753302
-0.5761010498322942
-0.4676282379189405
-0.3756767895519374
-0.30232779489421097
-0.26695602113545114
-0.32355298333296945
-0.39125130286565585
-0.4676283978524505
-0.5450993868967522
-0.610174947781759
-0.6475573465327475
-0.6475573465327475
-0.6101749477817588
-0.5450993868967521
-0.4676283978524505
-0.39125130286565585
-0.32355298333296945
-0.26695602113545114
-0.2750375248337746
-0.32355299319410125
-0.37567687563329316
-0.42629951881158473
-0.46762852686682876
-0.49114540894935094
-0.49114540894935094
-0.46762852686682876
-0.42629951881158473
-0.37567687563329316
-0.32355299319410125
-0.2750375248337746
-0.26695614603705914
-0.30232828026061875
-0.3352559663078597
-0.36122551246803675
-0.37567734021860666
-0.37567734021860666
-0.3612255124680367
-0.3352559663078597
-0.30232828026061875
-0.26695614603705914
-0.2669562574278842
-0.2835976936021576
-0.2926787216958163
-0.2926787216958163
-0.2835976936021576
-0.2669562574278842
-0.15558875030323516
-0.1701580138515799
-0.18139640682043842
-0.1875593247953723
-0.1875593247953723
-0.1813964068204384
-0.1701580138515799
-0.15558875030323516
-0.1701580946175758
-0.19413124809624233
-0.21673466662501892
-0.2347502869144406
-0.2448458733387026
-0.2448458733387026
-0.2347502869144406
-0.2167346666250189
-0.19413124809624227
-0.1701580946175758
-0.17560670957979185
-0.20867005866125668
-0.24484576909558142
-0.28057660222569636
-0.31012515836992793
-0.3270592744128129
-0.3270592744128129
-0.31012515836992793
-0.28057660222569636
-0.24484576909558142
-0.20867005866125668
-0.17560670957979185
-0.170158081218064
-0.20867005525822732
-0.25577942946447135
-0.31012524468665864
-0.366103916227543
-0.4129905714221948
-0.4392454515412744
-0.43924545154127437
-0.4129905714221948
-0.366103916227543
-0.3101252446866586
-0.25577942946447135
-0.20867005525822732
-0.170158081218064
-0.15558881888037687
-0.19413132295923125
-0.24484607095402744
-0.31012537580732696
-0.388533118540868
-0.4663282530842125
-0.496839055166842
-0.48537160084325126
-0.4853716008432513
-0.4968390551668427
-0.46632825308421244
-0.3885331185408679
-0.3101253758073269
-0.24484607095402744
-0.19413132295923125
-0.15558881888037687
-0.17015814105414312
-0.21673452742373536
-0.28057209069130823
-0.36610369778410135
-0.46632766041112494
-0.48537443806863956
-0.440701144160623
-0.4115798691918233
-0.41157986919182343
-0.44070114416062284
-0.48537443806863967
-0.4663276604111249
-0.36610369778410135
-0.28057209069130823
-0.21673452742373536
-0.17015814105414312
-0.18139656625348516
-0.2347502128666939
-0.3101256367283143
-0.4129911974731577
-0.49684114560494747
-0.44070123255508564
-0.3791473513544269
-0.3444614577510278
-0.34446145775102777
-0.3791473513544269
-0.44070123255508564
-0.4968411456049479
-0.41299119747315777
-0.3101256367283142
-0.23475021286669387
-0.18139656625348513
-0.1875595182323262
-0.24484590739091205
-0.3270586113317341
-0.43924651385028163
-0.4853793033257806
-0.4115805188449617
-0.34445902583980587
-0.32062740723021477
-0.3206274072302148
-0.34445902583980603
-0.41158051884496183
-0.4853793033257793
-0.4392465138502816
-0.32705861133173403
-0.24484590739091205
-0.18755951823232617
-0.1875595182323262
-0.24484590739091205
-0.32705861133173403
-0.4392465138502817
-0.4853793033257797
-0.41158051884496155
-0.344459025839806
-0.32062740723021466
-0.32062740723021466
-0.34445902583980603
-0.4115805188449617
-0.48537930332578
-0.4392465138502817
-0.32705861133173403
-0.24484590739091205
-0.1875595182323262
-0.18139656625348516
-0.23475021286669392
-0.3101256367283143
-0.41299119747315777
-0.4968411456049473
-0.4407012325550851
-0.37914735135442684
-0.3444614577510278
-0.3444614577510278
-0.3791473513544269
-0.4407012325550853
-0.49684114560494774
-0.4129911974731577
-0.3101256367283142
-0.2347502128666939
-0.18139656625348516
-0.17015814105414315
-0.21673452742373536
-0.28057209069130823
-0.36610369778410135
-0.46632766041112494
-0.4853744380686399
-0.4407011441606231
-0.4115798691918243
-0.41157986919182427
-0.440701144160623
-0.4853744380686402
-0.4663276604111249
-0.3661036977841013
-0.2805720906913083
-0.21673452742373536
-0.17015814105414312
-0.1555888188803769
-0.1941313229592313
-0.24484607095402747
-0.3101253758073269
-0.3885331185408679
-0.46632825308421244
-0.4968390551668418
-0.48537160084325154
-0.4853716008432514
-0.49683905516684224
-0.46632825308421244
-0.3885331185408679
-0.310125375807327
-0.24484607095402744
-0.19413132295923127
-0.15558881888037687
-0.17015808121806403
-0.20867005525822735
-0.2557794294644714
-0.3101252446866586
-0.366103916227543
-0.41299057142219475
-0.43924545154127437
-0.43924545154127437
-0.41299057142219475
-0.366103916227543
-0.3101252446866586
-0.2557794294644714
-0.2086700552582273
-0.170158081218064
-0.17560670957979185
-0.20867005866125665
-0.24484576909558142
-0.28057660222569636
-0.31012515836992793
-0.3270592744128129
-0.3270592744128129
-0.31012515836992793
-0.2805766022256963
-0.24484576909558142
-0.2086700586612567
-0.17560670957979185
-0.1701580946175758
-0.19413124809624233
-0.2167346666250189
-0.23475028691444064
-0.2448458733387026
-0.2448458733387026
-0.23475028691444058
-0.2167346666250189
-0.19413124809624233
-0.1701580946175758
-0.15558875030323516
-0.17015801385157991
-0.1813964068204384
-0.1875593247953723
-0.1875593247953723
-0.18139640682043845
-0.17015801385157991
-0.15558875030323516
-0.05339101186352135
-0.058535458110235354
-0.06251977244831194
-0.06471048093060258
-0.06471048093060257
-0.06251977244831193
-0.058535458110235326
-0.053391011863521354
-0.05853547547581042
-0.06705096670611435
-0.075135205059884
-0.08161518314695174
-0.08525967060182013
-0.08525967060182013
-0.08161518314695176
-0.07513520505988398
-0.06705096670611434
-0.05853547547581041
-0.0604654281729695
-0.07224482504954147
-0.08525949572521418
-0.09822832617912697
-0.10901922567007219
-0.1152197672984975
-0.11521976729849749
-0.10901922567007222
-0.09822832617912691
-0.08525949572521418
-0.07224482504954147
-0.06046542817296949
-0.05853542811696705
-0.07224471860866662
-0.08921685996576136
-0.10901910300398199
-0.1295108687569907
-0.14641523727442596
-0.15544243988129422
-0.15544243988129422
-0.14641523727442593
-0.1295108687569907
-0.10901910300398196
-0.08921685996576136
-0.0722447186086666
-0.058535428116967034
-0.053390998220341844
-0.06705078683121271
-0.08525943304661447
-0.10901929152672982
-0.13766361080287262
-0.163620428334712
-0.1617932552556433
-0.15525477447523534
-0.1552547744752354
-0.16179325525564284
-0.163620428334712
-0.13766361080287254
-0.1090192915267298
-0.08525943304661447
-0.06705078683121271
-0.053390998220341844
-0.05853547609242596
-0.07513498749079203
-0.0982283926042363
-0.12951108096662486
-0.16362034720943988
-0.1552542128198215
-0.13719379990779298
-0.12638187721970906
-0.12638187721970912
-0.13719379990779307
-0.15525421281982113
-0.1636203472094398
-0.12951108096662484
-0.09822839260423627
-0.07513498749079203
-0.05853547609242597
-0.06251966557888172
-0.08161512988358925
-0.10901933527864459
-0.1464151550013828
-0.16179073402160582
-0.13719417611856694
-0.11481989539961276
-0.10687551336350684
-0.10687551336350695
-0.11481989539961268
-0.13719417611856682
-0.16179073402160474
-0.14641515500138289
-0.10901933527864456
-0.08161512988358927
-0.06251966557888174
-0.06471027501980621
-0.0852595985121809
-0.11521952402278347
-0.15544210521015775
-0.15525538899573474
-0.12638277840223847
-0.10687592423785972
-0.10137145731051467
-0.10137145731051456
-0.10687592423785969
-0.12638277840223788
-0.1552553889957343
-0.15544210521015767
-0.11521952402278345
-0.0852595985121809
-0.0647102750198062
-0.06471027501980622
-0.08525959851218089
-0.1152195240227834
-0.1554421052101577
-0.15525538899573574
-0.1263827784022386
-0.10687592423785963
-0.10137145731051467
-0.10137145731051467
-0.10687592423785966
-0.1263827784022381
-0.1552553889957352
-0.15544210521015772
-0.11521952402278342
-0.08525959851218087
-0.06471027501980621
-0.06251966557888172
-0.08161512988358927
-0.10901933527864457
-0.14641515500138283
-0.16179073402160654
-0.13719417611856688
-0.11481989539961279
-0.10687551336350692
-0.10687551336350695
-0.11481989539961279
-0.13719417611856682
-0.16179073402160543
-0.14641515500138286
-0.1090193352786446
-0.08161512988358927
-0.06251966557888172
-0.058535476092425986
-0.07513498749079205
-0.0982283926042363
-0.12951108096662484
-0.16362034720943985
-0.15525421281982124
-0.13719379990779312
-0.12638187721970934
-0.12638187721970928
-0.13719379990779312
-0.15525421281982088
-0.16362034720943985
-0.12951108096662478
-0.09822839260423627
-0.07513498749079205
-0.05853547609242597
-0.053390998220341844
-0.06705078683121271
-0.0852594330466145
-0.10901929152672982
-0.13766361080287265
-0.16362042833471202
-0.16179325525564398
-0.15525477447523595
-0.15525477447523595
-0.16179325525564395
-0.16362042833471205
-0.13766361080287262
-0.10901929152672982
-0.08525943304661446
-0.06705078683121272
-0.05339099822034184
-0.058535428116967034
-0.07224471860866663
-0.08921685996576136
-0.10901910300398193
-0.12951086875699064
-0.1464152372744259
-0.1554424398812942
-0.1554424398812942
-0.14641523727442593
-0.1295108687569907
-0.10901910300398196
-0.08921685996576134
-0.0722447186086666
-0.058535428116967034
-0.0604654281729695
-0.07224482504954147
-0.08525949572521421
-0.09822832617912694
-0.1090192256700722
-0.11521976729849748
-0.1152197672984975
-0.1090192256700722
-0.09822832617912694
-0.0852594957252142
-0.07224482504954147
-0.0604654281729695
-0.05853547547581043
-0.06705096670611432
-0.075135205059884
-0.08161518314695175
-0.08525967060182012
-0.08525967060182012
-0.08161518314695175
-0.07513520505988398
-0.06705096670611432
-0.058535475475810415
-0.053391011863521354
-0.05853545811023535
-0.06251977244831193
-0.0647104809306026
-0.0647104809306026
-0.06251977244831192
-0.05853545811023535
-0.05339101186352134
0.05339101186352133
0.05853545811023536
0.06251977244831193
0.06471048093060258
0.06471048093060258
0.06251977244831194
0.05853545811023535
0.05339101186352134
0.05853547547581041
0.06705096670611431
0.07513520505988397
0.08161518314695176
0.08525967060182015
0.08525967060182015
0.08161518314695175
0.07513520505988398
0.0670509667061143
0.05853547547581041
0.0604654281729695
0.07224482504954147
0.08525949572521417
0.09822832617912694
0.1090192256700722
0.1152197672984975
0.11521976729849753
0.10901922567007225
0.09822832617912694
0.08525949572521418
0.07224482504954147
0.0604654281729695
0.058535428116967055
0.07224471860866662
0.08921685996576134
0.10901910300398197
0.12951086875699064
0.146415237274426
0.15544243988129422
0.15544243988129425
0.14641523727442596
0.1295108687569907
0.10901910300398197
0.08921685996576134
0.07224471860866659
0.05853542811696706
0.05339099822034185
0.06705078683121271
0.08525943304661449
0.10901929152672982
0.13766361080287265
0.16362042833471205
0.16179325525564317
0.15525477447523572
0.15525477447523567
0.16179325525564275
0.16362042833471213
0.13766361080287262
0.10901929152672983
0.0852594330466145
0.06705078683121272
0.05339099822034183
0.058535476092425986
0.07513498749079203
0.09822839260423628
0.12951108096662484
0.16362034720943994
0.15525421281982177
0.13719379990779296
0.12638187721970912
0.12638187721970917
0.1371937999077929
0.15525421281982144
0.16362034720943994
0.1295110809666249
0.09822839260423631
0.07513498749079205
0.05853547609242598
0.06251966557888171
0.08161512988358925
0.1090193352786446
0.1464151550013828
0.1617907340216057
0.13719417611856677
0.11481989539961268
0.10687551336350698
0.10687551336350709
0.11481989539961268
0.1371941761185667
0.1617907340216046
0.1464151550013828
0.10901933527864459
0.08161512988358925
0.06251966557888171
0.0647102750198062
0.08525959851218089
0.11521952402278343
0.1554421052101577
0.1552553889957347
0.12638277840223844
0.10687592423785969
0.10137145731051456
0.10137145731051461
0.10687592423785969
0.12638277840223794
0.1552553889957345
0.15544210521015772
0.11521952402278346
0.08525959851218087
0.06471027501980621
0.0647102750198062
0.08525959851218093
0.11521952402278343
0.1554421052101577
0.15525538899573582
0.1263827784022386
0.10687592423785963
0.10137145731051467
0.10137145731051461
0.10687592423785974
0.12638277840223822
0.15525538899573554
0.15544210521015772
0.11521952402278349
0.08525959851218087
0.0647102750198062
0.06251966557888174
0.08161512988358928
0.1090193352786446
0.14641515500138286
0.16179073402160657
0.13719417611856682
0.11481989539961279
0.10687551336350704
0.10687551336350709
0.11481989539961279
0.13719417611856677
0.16179073402160546
0.1464151550013828
0.10901933527864456
0.08161512988358924
0.06251966557888174
0.05853547609242597
0.07513498749079206
0.09822839260423627
0.12951108096662484
0.16362034720943988
0.1552542128198216
0.13719379990779323
0.1263818772197094
0.12638187721970923
0.13719379990779318
0.15525421281982132
0.16362034720943988
0.12951108096662484
0.09822839260423626
0.07513498749079206
0.05853547609242598
0.05339099822034185
0.06705078683121272
0.08525943304661446
0.10901929152672982
0.1376636108028726
0.16362042833471208
0.16179325525564386
0.15525477447523622
0.15525477447523622
0.16179325525564398
0.1636204283347121
0.1376636108028726
0.10901929152672979
0.08525943304661447
0.06705078683121271
0.05339099822034184
0.05853542811696705
0.0722447186086666
0.08921685996576134
0.10901910300398196
0.1295108687569907
0.1464152372744259
0.15544243988129422
0.15544243988129422
0.1464152372744259
0.12951086875699072
0.10901910300398202
0.08921685996576134
0.0722447186086666
0.05853542811696705
0.06046542817296949
0.07224482504954144
0.08525949572521421
0.09822832617912693
0.10901922567007222
0.11521976729849753
0.11521976729849753
0.1090192256700722
0.09822832617912694
0.08525949572521418
0.07224482504954144
0.06046542817296949
0.05853547547581041
0.06705096670611432
0.07513520505988398
0.08161518314695176
0.0852596706018201
0.08525967060182012
0.08161518314695175
0.07513520505988396
0.0670509667061143
0.058535475475810415
0.05339101186352134
0.05853545811023535
0.06251977244831193
0.06471048093060257
0.06471048093060257
0.06251977244831193
0.058535458110235326
0.05339101186352136
0.15558875030323516
0.1701580138515799
0.18139640682043842
0.1875593247953723
0.1875593247953723
0.18139640682043842
0.1701580138515799
0.15558875030323516
0.1701580946175758
0.1941312480962423
0.2167346666250189
0.2347502869144406
0.24484587333870259
0.2448458733387026
0.2347502869144406
0.21673466662501892
0.19413124809624233
0.1701580946175758
0.17560670957979185
0.2086700586612567
0.24484576909558142
0.28057660222569636
0.310125158369928
0.3270592744128129
0.3270592744128129
0.31012515836992793
0.28057660222569636
0.24484576909558142
0.20867005866125668
0.17560670957979185
0.17015808121806403
0.20867005525822735
0.2557794294644714
0.31012524468665864
0.366103916227543
0.41299057142219475
0.4392454515412744
0.4392454515412745
0.41299057142219475
0.366103916227543
0.3101252446866586
0.2557794294644714
0.20867005525822732
0.170158081218064
0.1555888188803769
0.19413132295923127
0.24484607095402744
0.31012537580732696
0.3885331185408679
0.46632825308421244
0.49683905516684224
0.48537160084325165
0.4853716008432516
0.49683905516684296
0.4663282530842125
0.3885331185408679
0.31012537580732696
0.24484607095402744
0.1941313229592313
0.15558881888037687
0.17015814105414312
0.21673452742373533
0.28057209069130823
0.36610369778410135
0.4663276604111249
0.4853744380686398
0.44070114416062306
0.41157986919182343
0.41157986919182343
0.44070114416062295
0.4853744380686401
0.46632766041112483
0.3661036977841013
0.2805720906913082
0.2167345274237353
0.1701581410541431
0.18139656625348513
0.2347502128666939
0.3101256367283143
0.4129911974731577
0.49684114560494763
0.4407012325550857
0.3791473513544269
0.34446145775102777
0.3444614577510278
0.37914735135442684
0.44070123255508564
0.496841145604948
0.4129911974731577
0.31012563672831434
0.2347502128666939
0.18139656625348516
0.1875595182323262
0.24484590739091205
0.32705861133173403
0.43924651385028163
0.4853793033257806
0.4115805188449616
0.34445902583980603
0.32062740723021466
0.3206274072302147
0.34445902583980603
0.4115805188449619
0.48537930332577944
0.4392465138502816
0.3270586113317341
0.24484590739091205
0.18755951823232617
0.1875595182323262
0.24484590739091208
0.3270586113317341
0.4392465138502816
0.4853793033257798
0.4115805188449616
0.344459025839806
0.32062740723021455
0.32062740723021477
0.344459025839806
0.4115805188449619
0.48537930332578005
0.4392465138502817
0.3270586113317341
0.24484590739091205
0.18755951823232617
0.18139656625348516
0.23475021286669395
0.3101256367283143
0.4129911974731578
0.4968411456049477
0.44070123255508514
0.3791473513544268
0.3444614577510278
0.34446145775102777
0.3791473513544269
0.44070123255508536
0.4968411456049481
0.4129911974731577
0.3101256367283143
0.2347502128666939
0.1813965662534851
0.17015814105414315
0.21673452742373533
0.2805720906913083
0.36610369778410135
0.46632766041112483
0.4853744380686402
0.4407011441606231
0.41157986919182427
0.4115798691918242
0.44070114416062306
0.48537443806864056
0.46632766041112483
0.3661036977841013
0.28057209069130823
0.21673452742373533
0.17015814105414312
0.15558881888037687
0.1941313229592313
0.24484607095402747
0.31012537580732696
0.388533118540868
0.46632825308421244
0.49683905516684224
0.4853716008432516
0.48537160084325137
0.4968390551668426
0.46632825308421244
0.3885331185408679
0.31012537580732696
0.24484607095402744
0.19413132295923127
0.15558881888037687
0.170158081218064
0.20867005525822735
0.2557794294644714
0.3101252446866586
0.366103916227543
0.41299057142219475
0.43924545154127437
0.43924545154127437
0.41299057142219475
0.366103916227543
0.3101252446866586
0.25577942946447135
0.20867005525822732
0.170158081218064
0.17560670957979185
0.2086700586612567
0.2448457690955814
0.28057660222569636
0.310125158369928
0.3270592744128129
0.3270592744128129
0.31012515836992793
0.28057660222569636
0.24484576909558142
0.2086700586612567
0.17560670957979185
0.1701580946175758
0.19413124809624233
0.21673466662501892
0.2347502869144406
0.2448458733387026
0.2448458733387026
0.2347502869144406
0.21673466662501895
0.19413124809624233
0.1701580946175758
0.15558875030323516
0.17015801385157986
0.18139640682043842
0.1875593247953723
0.1875593247953723
0.1813964068204384
0.1701580138515799
0.15558875030323516
0.2669562574278842
0.2835976936021576
0.2926787216958163
0.2926787216958164
0.2835976936021576
0.2669562574278842
0.26695614603705914
0.3023282802606187
0.3352559663078597
0.3612255124680367
0.37567734021860666
0.37567734021860666
0.36122551246803664
0.33525596630785975
0.3023282802606187
0.26695614603705914
0.2750375248337746
0.32355299319410125
0.3756768756332931
0.4262995188115848
0.46762852686682876
0.49114540894935094
0.49114540894935094
0.46762852686682876
0.42629951881158473
0.3756768756332931
0.32355299319410125
0.2750375248337746
0.26695602113545114
0.32355298333296945
0.39125130286565585
0.4676283978524505
0.5450993868967522
0.6101749477817588
0.6475573465327475
0.6475573465327475
0.610174947781759
0.5450993868967521
0.4676283978524505
0.3912513028656558
0.32355298333296945
0.26695602113545114
0.30232779489421097
0.3756767895519374
0.4676282379189405
0.5761010498322942
0.6883208399753301
0.7772158499468828
0.8181056563983802
0.8181056563983803
0.7772158499468826
0.6883208399753301
0.576101049832294
0.4676282379189405
0.3756767895519374
0.30232779489421097
0.2669558249508837
0.33525538332165816
0.4262991027804401
0.5450984007930942
0.6883196082781686
0.8181040974443986
0.808960858791417
0.7762787202390101
0.7762787202390102
0.8089608587914172
0.8181040974443987
0.6883196082781686
0.5450984007930941
0.4262991027804401
0.33525538332165816
0.2669558249508837
0.28359707357381575
0.36122486645750007
0.46762879891834835
0.6101739348181863
0.7772165826447806
0.808961931657791
0.7345041620746422
0.6859722339403174
0.6859722339403174
0.7345041620746423
0.80896193165779
0.7772165826447806
0.6101739348181863
0.46762879891834835
0.36122486645750007
0.28359707357381575
0.29267401020194
0.37567653370281107
0.49114298954436675
0.6475560864031428
0.8181035826764697
0.7762786530198196
0.6859731079361069
0.6319124974447617
0.6319124974447617
0.685973107936107
0.7762786530198198
0.8181035826764695
0.6475560864031428
0.49114298954436675
0.37567653370281107
0.29267401020193995
0.29267401020194
0.37567653370281107
0.49114298954436675
0.6475560864031429
0.8181035826764695
0.7762786530198202
0.6859731079361069
0.6319124974447617
0.6319124974447617
0.685973107936107
0.7762786530198205
0.8181035826764697
0.6475560864031429
0.49114298954436675
0.37567653370281107
0.29267401020194
0.2835970735738158
0.36122486645750007
0.46762879891834835
0.6101739348181864
0.7772165826447806
0.8089619316577906
0.7345041620746425
0.6859722339403174
0.6859722339403174
0.7345041620746425
0.8089619316577898
0.7772165826447807
0.6101739348181863
0.4676287989183483
0.3612248664575001
0.2835970735738157
0.2669558249508837
0.33525538332165816
0.4262991027804401
0.5450984007930941
0.6883196082781686
0.8181040974443987
0.8089608587914168
0.77627872023901
0.77627872023901
0.8089608587914169
0.8181040974443987
0.6883196082781685
0.5450984007930942
0.42629910278044003
0.33525538332165816
0.26695582495088366
0.302327794894211
0.37567678955193745
0.4676282379189405
0.5761010498322942
0.6883208399753302
0.7772158499468826
0.8181056563983802
0.8181056563983802
0.7772158499468826
0.6883208399753302
0.5761010498322942
0.4676282379189404
0.3756767895519374
0.302327794894211
0.26695602113545114
0.32355298333296945
0.39125130286565585
0.4676283978524505
0.5450993868967522
0.610174947781759
0.6475573465327475
0.6475573465327475
0.6101749477817588
0.5450993868967521
0.4676283978524505
0.3912513028656558
0.3235529833329695
0.26695602113545114
0.2750375248337746
0.32355299319410125
0.3756768756332931
0.42629951881158473
0.46762852686682876
0.4911454089493509
0.49114540894935094
0.4676285268668287
0.4262995188115848
0.3756768756332931
0.32355299319410125
0.2750375248337746
0.26695614603705914
0.30232828026061875
0.3352559663078597
0.3612255124680367
0.37567734021860666
0.37567734021860666
0.3612255124680367
0.3352559663078597
0.30232828026061875
0.26695614603705914
0.2669562574278842
0.2835976936021576
0.2926787216958163
0.2926787216958163
0.28359769360215753
0.2669562574278842
0.3630419938430257
0.37373941138897493
0.37373941138897493
0.3630419938430257
0.385053030991569
0.4232601312263766
0.45297506582779296
0.4693590337782432
0.4693590337782432
0.45297506582779296
0.4232601312263766
0.385053030991569
0.4097504648977029
0.4693587042105861
0.5259494929880155
0.5713100692708915
0.5968218874666112
0.5968218874666112
0.5713100692708915
0.5259494929880155
0.4693587042105861
0.4097504648977029
0.40975010770641823
0.48689904625982516
0.5713089552628261
0.6546822771559331
0.7236307302033056
0.7631407941675772
0.7631407941675771
0.7236307302033057
0.6546822771559331
0.5713089552628261
0.48689904625982516
0.40975010770641823
0.38505249953202236
0.46935822622480405
0.5713084353141614
0.687602263588166
0.8065406760068401
0.9065816724414367
0.9636516810389972
0.9636516810389973
0.9065816724414367
0.8065406760068401
0.687602263588166
0.5713084353141614
0.46935822622480405
0.38505249953202236
0.4232592924827558
0.5259479266377548
0.6546807056469877
0.8065423729841099
0.9636505693593749
1.088103676471777
1.1453496282182916
1.1453496282182916
1.088103676471777
0.9636505693593748
0.8065423729841099
0.6546807056469877
0.5259479266377548
0.4232592924827558
0.36304102724188303
0.45297411723428366
0.5713075051559391
0.7236275282093629
0.9065795860360941
1.0881036486174307
1.1592981234325372
1.1325413145322984
1.1325413145322984
1.1592981234325381
1.0881036486174307
0.9065795860360941
0.7236275282093628
0.5713075051559391
0.45297411723428366
0.36304102724188303
0.3737384209641262
0.4693530635243044
0.5968100963160266
0.7631382357450504
0.963592196324724
1.145347517930546
1.1325412178946748
1.086797938895432
1.086797938895432
1.1325412178946752
1.145347517930546
0.963592196324724
0.7631382357450504
0.5968100963160266
0.46935306352430434
0.3737384209641262
0.3737384209641262
0.4693530635243044
0.5968100963160266
0.7631382357450504
0.963592196324724
1.1453475179305457
1.1325412178946748
1.086797938895432
1.086797938895432
1.132541217894675
1.145347517930546
0.9635921963247239
0.7631382357450502
0.5968100963160266
0.4693530635243044
0.37373842096412613
0.3630410272418831
0.45297411723428366
0.5713075051559391
0.7236275282093629
0.906579586036094
1.0881036486174307
1.1592981234325372
1.1325413145322987
1.1325413145322984
1.1592981234325381
1.0881036486174307
0.906579586036094
0.7236275282093628
0.5713075051559391
0.4529741172342836
0.36304102724188303
0.4232592924827558
0.5259479266377548
0.6546807056469877
0.8065423729841099
0.9636505693593748
1.088103676471777
1.1453496282182916
1.1453496282182916
1.088103676471777
0.9636505693593748
0.8065423729841099
0.6546807056469877
0.5259479266377548
0.42325929248275573
0.38505249953202236
0.46935822622480405
0.5713084353141614
0.687602263588166
0.80654067600684
0.9065816724414367
0.9636516810389972
0.9636516810389972
0.9065816724414368
0.8065406760068401
0.6876022635881661
0.5713084353141614
0.46935822622480405
0.3850524995320223
0.40975010770641823
0.48689904625982516
0.5713089552628261
0.654682277155933
0.7236307302033056
0.7631407941675771
0.7631407941675771
0.7236307302033056
0.6546822771559331
0.571308955262826
0.4868990462598251
0.40975010770641823
0.4097504648977029
0.4693587042105861
0.5259494929880155
0.5713100692708915
0.5968218874666112
0.5968218874666112
0.5713100692708915
0.5259494929880155
0.46935870421058606
0.4097504648977029
0.385053030991569
0.4232601312263767
0.45297506582779296
0.4693590337782432
0.4693590337782432
0.45297506582779296
0.4232601312263766
0.385053030991569
0.3630419938430257
0.37373941138897493
0.37373941138897493
0.36304199384302566
0.4805224836035253
0.510477348007481
0.5268233734419475
0.5268233734419475
0.5104773480074809
0.48052248360352534
0.4667676355924127
0.5268224890649801
0.5823973279011831
0.626013956280379
0.6502076663670407
0.6502076663670407
0.626013956280379
0.5823973279011833
0.5268224890649801
0.4667676355924127
0.4667674367319668
0.5441921622600299
0.6260132219897804
0.7042546686641353
0.767340978849284
0.8029577837419936
0.8029577837419934
0.7673409788492839
0.7042546686641353
0.6260132219897804
0.5441921622600299
0.46676743673196686
0.5268217070613308
0.6260125699919722
0.734539430265899
0.8417329643121146
0.9303793191582581
0.9811817014986732
0.9811817014986732
0.930379319158258
0.8417329643121145
0.734539430265899
0.6260125699919721
0.5268217070613308
0.48052125951329105
0.58239588296834
0.704252945906475
0.8417324351634181
0.9811854721928412
1.0983196321437334
1.1656053789235998
1.1656053789235998
1.0983196321437334
0.9811854721928411
0.841732435163418
0.704252945906475
0.5823958829683401
0.48052125951329105
0.5104756584156805
0.6260119146927281
0.7673391841356868
0.9303776044267935
1.0983150062881029
1.2389791255024654
1.3177453590310768
1.3177453590310768
1.2389791255024656
1.098315006288103
0.9303776044267933
0.7673391841356868
0.626011914692728
0.5104756584156805
0.5268210786544506
0.6501946039044812
0.8029395602276468
0.9811784482684848
1.1656030623273765
1.3177424367786097
1.3989869011213891
1.398986901121389
1.3177424367786097
1.1656030623273765
0.9811784482684848
0.8029395602276468
0.6501946039044814
0.5268210786544506
0.5268210786544506
0.6501946039044814
0.8029395602276469
0.9811784482684849
1.1656030623273765
1.3177424367786097
1.398986901121389
1.398986901121389
1.3177424367786097
1.1656030623273765
0.9811784482684848
0.8029395602276469
0.6501946039044812
0.5268210786544506
0.5104756584156805
0.6260119146927281
0.7673391841356869
0.9303776044267934
1.098315006288103
1.2389791255024656
1.3177453590310768
1.3177453590310768
1.2389791255024656
1.098315006288103
0.9303776044267934
0.7673391841356868
0.626011914692728
0.5104756584156805
0.480521259513291
0.5823958829683401
0.704252945906475
0.8417324351634181
0.9811854721928412
1.0983196321437334
1.1656053789235998
1.1656053789236
1.0983196321437334
0.9811854721928411
0.841732435163418
0.704252945906475
0.58239588296834
0.48052125951329105
0.5268217070613309
0.6260125699919722
0.7345394302658991
0.8417329643121146
0.930379319158258
0.9811817014986732
0.9811817014986732
0.9303793191582581
0.8417329643121145
0.734539430265899
0.6260125699919721
0.5268217070613309
0.4667674367319668
0.5441921622600299
0.6260132219897805
0.7042546686641353
0.767340978849284
0.8029577837419934
0.8029577837419934
0.7673409788492839
0.7042546686641353
0.6260132219897805
0.5441921622600299
0.46676743673196675
0.46676763559241274
0.5268224890649801
0.5823973279011831
0.626013956280379
0.6502076663670407
0.6502076663670407
0.626013956280379
0.5823973279011831
0.5268224890649801
0.46676763559241263
0.4805224836035253
0.510477348007481
0.5268233734419475
0.5268233734419475
0.510477348007481
0.4805224836035253
0.6050839509818244
0.64389429625051
0.6651236387945733
0.6651236387945733
0.64389429625051
0.6050839509818244
0.5704942731051623
0.6438937789494185
0.7118179957300179
0.7651269122408265
0.7946970558698646
0.7946970558698646
0.7651269122408265
0.7118179957300179
0.6438937789494185
0.5704942731051622
0.6438931877641827
0.7375637007598579
0.8264903023970148
0.8977699634204397
0.9378596959546371
0.9378596959546371
0.8977699634204397
0.8264903023970147
0.7375637007598579
0.6438931877641827
0.6050825258330924
0.7118169723428164
0.8264898263271216
0.9378597426812827
1.028786811157854
1.0805207205278877
1.0805207205278877
1.0287868111578538
0.9378597426812827
0.8264898263271216
0.7118169723428163
0.6050825258330924
0.6438926952256352
0.7651256369224533
0.8977697368231509
1.0287852593203
1.1371305681047201
1.1992199564724002
1.1992199564724002
1.1371305681047201
1.0287852593203
0.8977697368231509
0.7651256369224533
0.6438926952256352
0.6651217933531014
0.7946956260342986
0.9378590649606037
1.0805173738306086
1.1992179184274026
1.2674236516274844
1.2674236516274844
1.1992179184274026
1.0805173738306086
0.9378590649606037
0.7946956260342984
0.6651217933531013
0.6651217933531014
0.7946956260342986
0.9378590649606036
1.0805173738306086
1.1992179184274026
1.2674236516274844
1.2674236516274844
1.1992179184274026
1.0805173738306086
0.9378590649606037
0.7946956260342986
0.6651217933531013
0.6438926952256352
0.7651256369224533
0.8977697368231509
1.0287852593203
1.1371305681047201
1.1992199564724002
1.1992199564724002
1.1371305681047201
1.0287852593203
0.8977697368231508
0.7651256369224533
0.6438926952256352
0.6050825258330924
0.7118169723428164
0.8264898263271216
0.9378597426812827
1.028786811157854
1.080520720527888
1.0805207205278877
1.0287868111578538
0.9378597426812828
0.8264898263271215
0.7118169723428163
0.6050825258330924
0.6438931877641827
0.7375637007598579
0.8264903023970147
0.8977699634204397
0.9378596959546371
0.9378596959546371
0.8977699634204397
0.8264903023970147
0.7375637007598579
0.6438931877641827
0.5704942731051623
0.6438937789494185
0.7118179957300179
0.7651269122408265
0.7946970558698646
0.7946970558698646
0.7651269122408265
0.7118179957300179
0.6438937789494185
0.5704942731051623
0.6050839509818244
0.64389429625051
0.6651236387945731
0.6651236387945733
0.64389429625051
0.6050839509818244
0.6940869096196516
0.7373541769850602
0.7609648042516894
0.7609648042516894
0.7373541769850602
0.6940869096196516
0.7150981711600781
0.7860543066796901
0.8412384934767896
0.871665698874847
0.871665698874847
0.8412384934767896
0.7860543066796901
0.715098171160078
0.6940861291689444
0.7860536564678806
0.8716661123346825
0.939186348001005
0.976762901663053
0.976762901663053
0.939186348001005
0.8716661123346825
0.7860536564678806
0.6940861291689444
0.7373533965482079
0.8412383080084691
0.939186299041469
1.0172559500041007
1.0610020765299495
1.0610020765299495
1.0172559500041007
0.939186299041469
0.841238308008469
0.7373533965482079
0.7609640034923091
0.8716654345215199
0.976761202280553
1.0610048332575133
1.1083797223575917
1.1083797223575917
1.0610048332575133
0.976761202280553
0.8716654345215198
0.7609640034923091
0.7609640034923091
0.8716654345215198
0.9767612022805531
1.0610048332575133
1.1083797223575917
1.1083797223575917
1.0610048332575133
0.9767612022805531
0.8716654345215198
0.7609640034923091
0.7373533965482078
0.8412383080084691
0.939186299041469
1.0172559500041007
1.0610020765299493
1.0610020765299493
1.0172559500041007
0.939186299041469
0.8412383080084691
0.7373533965482079
0.6940861291689444
0.7860536564678806
0.8716661123346825
0.939186348001005
0.976762901663053
0.976762901663053
0.939186348001005
0.8716661123346825
0.7860536564678806
0.6940861291689444
0.715098171160078
0.7860543066796901
0.8412384934767896
0.871665698874847
0.871665698874847
0.8412384934767896
0.7860543066796901
0.715098171160078
0.6940869096196516
0.7373541769850602
0.7609648042516896
0.7609648042516896
0.7373541769850602
0.6940869096196516
0.7779466386610782
0.8008689331103834
0.8008689331103833
0.7779466386610782
0.8008690194975985
0.8507932500369668
0.8780363292388801
0.8780363292388801
0.8507932500369668
0.8008690194975985
0.7779458003947737
0.850792888195403
0.906985179009246
0.9378000777452239
0.9378000777452239
0.9069851790092459
0.850792888195403
0.7779458003947737
0.800868513473443
0.8780360224896706
0.9377996497611619
0.9706607307849646
0.9706607307849646
0.9377996497611619
0.8780360224896706
0.800868513473443
0.800868513473443
0.8780360224896706
0.9377996497611619
0.9706607307849647
0.9706607307849647
0.9377996497611619
0.8780360224896706
0.800868513473443
0.7779458003947737
0.850792888195403
0.9069851790092458
0.937800077745224
0.937800077745224
0.9069851790092458
0.850792888195403
0.7779458003947736
0.8008690194975985
0.8507932500369668
0.8780363292388801
0.8780363292388801
0.8507932500369668
0.8008690194975985
0.777946638661078
0.8008689331103833
0.8008689331103834
0.777946638661078