-0.01281819262641989
-0.01281819262641989
-0.01281819104752957
-0.013899621783552814
-0.014508692388820323
-0.014508692388820323
-0.013899621783552812
-0.01281819104752957
-0.013899622252776174
-0.01517121803879169
-0.015894455126647035
-0.015894455126647035
-0.015171218038791692
-0.013899622252776174
-0.01281818667734063
-0.014508688708782717
-0.015894451588274433
-0.01668701601133933
-0.016687016011339328
-0.015894451588274433
-0.014508688708782719
-0.012818186677340629
-0.012818186677340629
-0.014508688708782719
-0.01589445158827443
-0.01668701601133933
-0.01668701601133933
-0.015894451588274433
-0.014508688708782717
-0.012818186677340629
-0.013899622252776174
-0.015171218038791689
-0.015894455126647035
-0.015894455126647035
-0.015171218038791689
-0.013899622252776175
-0.01281819104752957
-0.013899621783552814
-0.014508692388820325
-0.014508692388820323
-0.013899621783552814
-0.01281819104752957
-0.012818192626419889
-0.01281819262641989
-0.011285893188004005
-0.011761226804805675
-0.011761226804805675
-0.011285893188004003
-0.010846162169789737
-0.01227659076551471
-0.013449159715058084
-0.014119775557012644
-0.014119775557012642
-0.013449159715058084
-0.01227659076551471
-0.010846162169789734
-0.012276588282944655
-0.014119771368875447
-0.015673587146249928
-0.016580121186294473
-0.016580121186294473
-0.015673587146249928
-0.014119771368875446
-0.012276588282944655
-0.011285891216069684
-0.013449156730109994
-0.015673583690655978
-0.017593030029598628
-0.01873190586575931
-0.018731905865759308
-0.017593030029598628
-0.015673583690655978
-0.013449156730109994
-0.011285891216069682
-0.011761221139925544
-0.014119767762548033
-0.016580109570407946
-0.018731911649123027
-0.02002138011089065
-0.02002138011089065
-0.018731911649123023
-0.016580109570407946
-0.014119767762548033
-0.011761221139925544
-0.011761221139925544
-0.014119767762548033
-0.016580109570407946
-0.018731911649123023
-0.020021380110890653
-0.02002138011089065
-0.018731911649123023
-0.016580109570407946
-0.014119767762548033
-0.011761221139925544
-0.01128589121606968
-0.013449156730109995
-0.01567358369065598
-0.017593030029598628
-0.018731905865759308
-0.018731905865759308
-0.017593030029598628
-0.015673583690655978
-0.013449156730109994
-0.01128589121606968
-0.012276588282944655
-0.014119771368875444
-0.015673587146249928
-0.016580121186294473
-0.016580121186294473
-0.015673587146249928
-0.014119771368875442
-0.012276588282944655
-0.010846162169789737
-0.012276590765514711
-0.013449159715058086
-0.014119775557012642
-0.014119775557012642
-0.013449159715058086
-0.012276590765514711
-0.010846162169789737
-0.011285893188004003
-0.011761226804805677
-0.011761226804805675
-0.011285893188004005
-0.009233922845940141
-0.009622831894408384
-0.009622831894408386
-0.00923392284594014
-0.009233920498094428
-0.010503162705057759
-0.011552546182843536
-0.012156345657013881
-0.01215634565701388
-0.011552546182843536
-0.010503162705057759
-0.009233920498094428
-0.009233915403699266
-0.01100386060473647
-0.012823847378516773
-0.014394291320905413
-0.015326106509155252
-0.015326106509155252
-0.014394291320905415
-0.012823847378516771
-0.011003860604736468
-0.009233915403699264
-0.010503157310456753
-0.01282384153832285
-0.015326098599176222
-0.017585071845192392
-0.01897121609797991
-0.018971216097979915
-0.017585071845192396
-0.01532609859917622
-0.01282384153832285
-0.010503157310456753
-0.009233912057814977
-0.011552540748399596
-0.014394281556815528
-0.017585068030975298
-0.020583471608340752
-0.022480920604246165
-0.02248092060424617
-0.020583471608340752
-0.017585068030975294
-0.014394281556815528
-0.011552540748399594
-0.009233912057814977
-0.009622818506639425
-0.012156336052256151
-0.015326089288914768
-0.018971207224169652
-0.02248090695168567
-0.02474482490940323
-0.02474482490940323
-0.02248090695168567
-0.01897120722416966
-0.01532608928891477
-0.012156336052256151
-0.009622818506639423
-0.009622818506639425
-0.012156336052256151
-0.01532608928891477
-0.018971207224169655
-0.02248090695168567
-0.024744824909403225
-0.02474482490940323
-0.022480906951685673
-0.018971207224169652
-0.015326089288914772
-0.01215633605225615
-0.009622818506639425
-0.009233912057814977
-0.011552540748399596
-0.014394281556815528
-0.017585068030975294
-0.020583471608340752
-0.02248092060424617
-0.02248092060424617
-0.020583471608340752
-0.017585068030975294
-0.01439428155681553
-0.011552540748399596
-0.009233912057814979
-0.010503157310456753
-0.012823841538322852
-0.015326098599176224
-0.017585071845192396
-0.01897121609797991
-0.018971216097979915
-0.017585071845192396
-0.015326098599176224
-0.012823841538322852
-0.010503157310456755
-0.009233915403699267
-0.01100386060473647
-0.012823847378516771
-0.014394291320905415
-0.015326106509155252
-0.01532610650915525
-0.014394291320905412
-0.012823847378516771
-0.011003860604736466
-0.009233915403699267
-0.009233920498094428
-0.010503162705057759
-0.011552546182843534
-0.01215634565701388
-0.012156345657013878
-0.011552546182843536
-0.010503162705057759
-0.009233920498094428
-0.00923392284594014
-0.009622831894408384
-0.009622831894408384
-0.00923392284594014
-0.006902106854506133
-0.006902106854506134
-0.006902104488599694
-0.007812376625430202
-0.008558569954894553
-0.008985326864154824
-0.008985326864154824
-0.00855856995489455
-0.007812376625430202
-0.006902104488599694
-0.007181930438024668
-0.008558566762326837
-0.009974113518813905
-0.011195567472520096
-0.01192031138578276
-0.01192031138578276
-0.011195567472520096
-0.009974113518813905
-0.008558566762326835
-0.007181930438024668
-0.006902100978304952
-0.008558560412315482
-0.010550979173488111
-0.012740877595977368
-0.01475538769397355
-0.016009373294108283
-0.016009373294108283
-0.014755387693973549
-0.012740877595977368
-0.010550979173488111
-0.00855856041231548
-0.0069021009783049505
-0.007812370313639784
-0.009974103259207692
-0.012740871816777029
-0.016009360048189248
-0.0192460011438283
-0.02138126476873028
-0.02138126476873028
-0.0192460011438283
-0.016009360048189245
-0.012740871816777029
-0.009974103259207692
-0.007812370313639783
-0.008558558172720946
-0.011195554781886038
-0.014755369306511945
-0.019245988391116863
-0.02402137754393738
-0.027364066439641902
-0.0273640664396419
-0.024021377543937378
-0.01924598839111686
-0.014755369306511945
-0.01119555478188604
-0.008558558172720946
-0.006902098809853397
-0.008985310084770494
-0.01192029485009053
-0.01600935042576766
-0.021381231205044753
-0.027364043872737397
-0.031722738060881404
-0.03172273806088141
-0.027364043872737397
-0.021381231205044753
-0.01600935042576766
-0.01192029485009053
-0.008985310084770493
-0.006902098809853397
-0.006902098809853397
-0.008985310084770494
-0.01192029485009053
-0.016009350425767656
-0.021381231205044756
-0.0273640438727374
-0.03172273806088141
-0.031722738060881404
-0.027364043872737397
-0.021381231205044753
-0.016009350425767656
-0.011920294850090527
-0.008985310084770493
-0.006902098809853397
-0.008558558172720946
-0.011195554781886038
-0.014755369306511945
-0.01924598839111686
-0.02402137754393738
-0.0273640664396419
-0.0273640664396419
-0.02402137754393738
-0.01924598839111686
-0.014755369306511945
-0.011195554781886038
-0.008558558172720946
-0.007812370313639784
-0.009974103259207692
-0.012740871816777029
-0.016009360048189245
-0.019246001143828295
-0.021381264768730285
-0.021381264768730285
-0.019246001143828295
-0.016009360048189245
-0.012740871816777029
-0.009974103259207692
-0.007812370313639783
-0.006902100978304952
-0.008558560412315482
-0.010550979173488111
-0.01274087759597737
-0.01475538769397355
-0.01600937329410828
-0.01600937329410828
-0.014755387693973552
-0.012740877595977368
-0.010550979173488111
-0.00855856041231548
-0.006902100978304952
-0.007181930438024668
-0.008558566762326837
-0.009974113518813906
-0.011195567472520096
-0.01192031138578276
-0.011920311385782758
-0.011195567472520096
-0.009974113518813903
-0.008558566762326837
-0.007181930438024668
-0.006902104488599694
-0.007812376625430202
-0.00855856995489455
-0.008985326864154824
-0.008985326864154826
-0.00855856995489455
-0.007812376625430202
-0.006902104488599694
-0.006902106854506133
-0.006902106854506134
-0.0049300777777095415
-0.005346015629121233
-0.0055802745163738956
-0.005580274516373896
-0.005346015629121233
-0.0049300777777095415
-0.0055802704326488786
-0.006418084327544671
-0.007124366272048941
-0.0075364194208691285
-0.0075364194208691285
-0.007124366272048941
-0.00641808432754467
-0.005580270432648879
-0.005835087739153785
-0.007124361260545345
-0.008514513143003905
-0.009769493960733767
-0.01053957577242477
-0.01053957577242477
-0.009769493960733766
-0.008514513143003907
-0.007124361260545345
-0.005835087739153784
-0.005580267959079455
-0.0071243566220990494
-0.009100631229797844
-0.011435268809501725
-0.013747145926950713
-0.015272339164248272
-0.01527233916424827
-0.013747145926950713
-0.011435268809501721
-0.009100631229797844
-0.007124356622099048
-0.005580267959079455
-0.004930072496318678
-0.006418075798690733
-0.008514505478000055
-0.011435260682726706
-0.015272313125698917
-0.0195457921478141
-0.02265916152661866
-0.022659161526618662
-0.0195457921478141
-0.015272313125698916
-0.011435260682726706
-0.008514505478000055
-0.006418075798690733
-0.004930072496318677
-0.005346007022848276
-0.007124355216083688
-0.009769475631297674
-0.013747124569909818
-0.019545764444569593
-0.026873330007625013
-0.032859786195689245
-0.032859786195689245
-0.02687333000762501
-0.019545764444569593
-0.013747124569909817
-0.009769475631297672
-0.007124355216083688
-0.005346007022848275
-0.0055802629051574905
-0.007536403770589574
-0.010539553388615331
-0.015272295379695346
-0.022659089629574726
-0.03285963145630708
-0.041902975022511384
-0.04190297502251138
-0.03285963145630708
-0.022659089629574723
-0.015272295379695346
-0.010539553388615333
-0.007536403770589574
-0.0055802629051574905
-0.0055802629051574905
-0.007536403770589574
-0.010539553388615331
-0.015272295379695346
-0.022659089629574726
-0.03285963145630708
-0.041902975022511384
-0.041902975022511384
-0.03285963145630708
-0.022659089629574726
-0.015272295379695346
-0.010539553388615331
-0.007536403770589574
-0.0055802629051574905
-0.005346007022848275
-0.007124355216083687
-0.009769475631297674
-0.013747124569909817
-0.019545764444569593
-0.02687333000762501
-0.032859786195689245
-0.032859786195689245
-0.026873330007625006
-0.01954576444456959
-0.013747124569909817
-0.009769475631297672
-0.007124355216083688
-0.005346007022848275
-0.004930072496318678
-0.006418075798690733
-0.008514505478000055
-0.011435260682726708
-0.015272313125698916
-0.019545792147814097
-0.02265916152661866
-0.022659161526618662
-0.019545792147814097
-0.01527231312569892
-0.011435260682726704
-0.008514505478000055
-0.006418075798690734
-0.004930072496318678
-0.005580267959079455
-0.007124356622099049
-0.009100631229797844
-0.011435268809501723
-0.013747145926950715
-0.015272339164248272
-0.015272339164248272
-0.013747145926950715
-0.011435268809501721
-0.009100631229797844
-0.007124356622099048
-0.005580267959079455
-0.005835087739153784
-0.007124361260545347
-0.008514513143003905
-0.009769493960733767
-0.010539575772424769
-0.010539575772424772
-0.009769493960733766
-0.008514513143003905
-0.007124361260545347
-0.005835087739153784
-0.00558027043264888
-0.006418084327544671
-0.0071243662720489416
-0.007536419420869128
-0.007536419420869128
-0.0071243662720489416
-0.006418084327544671
-0.005580270432648879
-0.004930077777709542
-0.0053460156291212325
-0.005580274516373895
-0.005580274516373895
-0.0053460156291212325
-0.004930077777709542
-0.0032076081102121777
-0.0035010550823844555
-0.0036679565146902635
-0.003667956514690263
-0.003501055082384456
-0.0032076081102121777
-0.0030779709735839498
-0.003667954404468838
-0.004274623631062294
-0.004798105978136296
-0.005108710998495752
-0.005108710998495752
-0.0047981059781362955
-0.0042746236310622935
-0.003667954404468838
-0.0030779709735839498
-0.0030779707192375686
-0.003850847824067872
-0.004798100369153895
-0.005861690530922648
-0.006861167645051548
-0.007493653018597227
-0.007493653018597228
-0.006861167645051548
-0.005861690530922649
-0.004798100369153895
-0.003850847824067872
-0.003077970719237568
-0.003667951623966221
-0.004798098133422348
-0.0063237347965099805
-0.008248284225489011
-0.010294900396874616
-0.01172749948522995
-0.01172749948522995
-0.010294900396874616
-0.008248284225489011
-0.00632373479650998
-0.004798098133422347
-0.003667951623966221
-0.0032076046864135182
-0.004274619088802835
-0.005861684911301642
-0.008248286035876557
-0.011727463809210293
-0.016124017517340564
-0.019715896324553367
-0.019715896324553367
-0.016124017517340564
-0.011727463809210291
-0.008248286035876557
-0.005861684911301642
-0.004274619088802835
-0.003207604686413518
-0.003501049273410657
-0.004798093734729581
-0.006861152162708727
-0.010294871079931782
-0.01612399489982899
-0.025141798718872364
-0.03382178474468168
-0.03382178474468168
-0.025141798718872364
-0.016123994899828988
-0.010294871079931782
-0.0068611521627087255
-0.004798093734729581
-0.0035010492734106565
-0.003667949357699369
-0.005108698429615614
-0.0074936312543710405
-0.011727443268916733
-0.019715780368123072
-0.033821665661563395
-0.03926891663830054
-0.039268916638300524
-0.03382166566156339
-0.019715780368123072
-0.01172744326891673
-0.0074936312543710405
-0.005108698429615613
-0.003667949357699369
-0.0036679493576993695
-0.005108698429615614
-0.0074936312543710405
-0.011727443268916733
-0.019715780368123076
-0.033821665661563395
-0.03926891663830053
-0.03926891663830054
-0.03382166566156339
-0.019715780368123076
-0.01172744326891673
-0.00749363125437104
-0.005108698429615614
-0.0036679493576993695
-0.0035010492734106565
-0.004798093734729581
-0.006861152162708726
-0.010294871079931784
-0.016123994899828988
-0.025141798718872364
-0.03382178474468168
-0.03382178474468167
-0.025141798718872364
-0.016123994899828988
-0.010294871079931784
-0.006861152162708726
-0.00479809373472958
-0.0035010492734106565
-0.0032076046864135187
-0.004274619088802835
-0.0058616849113016425
-0.008248286035876557
-0.011727463809210291
-0.016124017517340567
-0.019715896324553367
-0.019715896324553367
-0.016124017517340564
-0.01172746380921029
-0.008248286035876556
-0.005861684911301642
-0.004274619088802834
-0.003207604686413518
-0.003667951623966221
-0.004798098133422347
-0.00632373479650998
-0.008248284225489011
-0.010294900396874616
-0.01172749948522995
-0.011727499485229952
-0.010294900396874616
-0.008248284225489011
-0.006323734796509979
-0.004798098133422347
-0.003667951623966221
-0.003077970719237568
-0.0038508478240678722
-0.004798100369153896
-0.005861690530922647
-0.006861167645051548
-0.007493653018597227
-0.007493653018597228
-0.006861167645051548
-0.005861690530922648
-0.004798100369153895
-0.0038508478240678714
-0.003077970719237568
-0.0030779709735839498
-0.003667954404468838
-0.004274623631062294
-0.0047981059781362955
-0.005108710998495752
-0.005108710998495752
-0.0047981059781362955
-0.0042746236310622935
-0.003667954404468838
-0.0030779709735839498
-0.003207608110212178
-0.0035010550823844555
-0.0036679565146902644
-0.0036679565146902635
-0.0035010550823844555
-0.0032076081102121777
-0.0009860130705703813
-0.0011160533996138692
-0.0012226519028289559
-0.0012836170062091512
-0.0012836170062091512
-0.0012226519028289559
-0.0011160533996138692
-0.0009860130705703813
-0.001069201383087374
-0.001283614365235569
-0.0015072824219625625
-0.001702897861430418
-0.0018201212222350239
-0.0018201212222350239
-0.001702897861430418
-0.0015072824219625625
-0.001283614365235569
-0.001069201383087374
-0.0010692012690984244
-0.0013507031220489842
-0.0017028994150916177
-0.002107910288627882
-0.0024978814937220368
-0.0027494226044256706
-0.0027494226044256706
-0.002497881493722036
-0.002107910288627882
-0.0017028994150916177
-0.0013507031220489842
-0.0010692012690984242
-0.000986018537966434
-0.0012836145660479884
-0.0017028984119847733
-0.0022870499590640333
-0.0030544629511198964
-0.0039091429615036
-0.004531816817865328
-0.004531816817865327
-0.003909142961503601
-0.0030544629511198964
-0.0022870499590640324
-0.0017028984119847731
-0.0012836145660479882
-0.000986018537966434
-0.0011160537306345794
-0.0015072798604654953
-0.0021079085314975716
-0.003054465255215502
-0.004531817368165511
-0.006571917983573029
-0.008380604000813113
-0.008380604000813113
-0.006571917983573029
-0.004531817368165509
-0.003054465255215502
-0.002107908531497571
-0.0015072798604654953
-0.0011160537306345792
-0.0012226499547941935
-0.0017029033508431735
-0.002497875908015855
-0.003909155643255789
-0.0065719687066917425
-0.011273898782295124
-0.013089589564375873
-0.013089589564375876
-0.011273898782295119
-0.006571968706691741
-0.00390915564325579
-0.002497875908015854
-0.0017029033508431733
-0.0012226499547941937
-0.0012836144251698687
-0.0018201223978374058
-0.0027494223267801937
-0.004531813636866671
-0.008380572745782675
-0.013089585936444747
-0.009737261215156081
-0.009737261215156081
-0.013089585936444815
-0.008380572745782675
-0.0045318136368666705
-0.0027494223267801937
-0.0018201223978374058
-0.0012836144251698685
-0.0012836144251698687
-0.0018201223978374058
-0.0027494223267801937
-0.004531813636866671
-0.008380572745782675
-0.013089585936444752
-0.009737261215156083
-0.009737261215156084
-0.01308958593644481
-0.008380572745782675
-0.004531813636866671
-0.0027494223267801937
-0.0018201223978374056
-0.0012836144251698687
-0.0012226499547941937
-0.0017029033508431735
-0.0024978759080158544
-0.003909155643255789
-0.006571968706691742
-0.011273898782295122
-0.013089589564375781
-0.013089589564375788
-0.01127389878229512
-0.006571968706691742
-0.003909155643255788
-0.0024978759080158544
-0.0017029033508431735
-0.0012226499547941935
-0.0011160537306345792
-0.0015072798604654956
-0.002107908531497571
-0.0030544652552155016
-0.00453181736816551
-0.006571917983573029
-0.008380604000813113
-0.008380604000813115
-0.006571917983573028
-0.00453181736816551
-0.003054465255215502
-0.002107908531497571
-0.0015072798604654951
-0.0011160537306345792
-0.000986018537966434
-0.0012836145660479884
-0.0017028984119847731
-0.002287049959064033
-0.003054462951119897
-0.0039091429615036
-0.004531816817865328
-0.004531816817865328
-0.003909142961503601
-0.003054462951119897
-0.0022870499590640324
-0.0017028984119847731
-0.0012836145660479884
-0.000986018537966434
-0.0010692012690984242
-0.0013507031220489842
-0.0017028994150916179
-0.0021079102886278826
-0.002497881493722036
-0.002749422604425671
-0.0027494226044256706
-0.002497881493722036
-0.002107910288627882
-0.0017028994150916179
-0.0013507031220489842
-0.0010692012690984242
-0.001069201383087374
-0.001283614365235569
-0.0015072824219625625
-0.0017028978614304178
-0.0018201212222350239
-0.0018201212222350234
-0.0017028978614304175
-0.0015072824219625625
-0.001283614365235569
-0.001069201383087374
-0.0009860130705703813
-0.0011160533996138694
-0.0012226519028289559
-0.0012836170062091512
-0.0012836170062091512
-0.0012226519028289559
-0.0011160533996138692
-0.0009860130705703813
0.0009860130705703813
0.0011160533996138692
0.0012226519028289556
0.0012836170062091512
0.0012836170062091512
0.0012226519028289556
0.0011160533996138692
0.0009860130705703816
0.001069201383087374
0.001283614365235569
0.0015072824219625625
0.0017028978614304178
0.0018201212222350236
0.001820121222235024
0.001702897861430418
0.0015072824219625623
0.0012836143652355692
0.0010692013830873742
0.0010692012690984244
0.0013507031220489842
0.001702899415091618
0.002107910288627882
0.0024978814937220363
0.00274942260442567
0.0027494226044256706
0.002497881493722036
0.002107910288627882
0.0017028994150916177
0.001350703122048984
0.0010692012690984242
0.0009860185379664342
0.0012836145660479884
0.0017028984119847727
0.002287049959064033
0.0030544629511198972
0.003909142961503599
0.004531816817865327
0.004531816817865327
0.003909142961503599
0.0030544629511198964
0.0022870499590640333
0.0017028984119847733
0.0012836145660479882
0.0009860185379664342
0.0011160537306345788
0.0015072798604654947
0.002107908531497572
0.0030544652552155003
0.00453181736816551
0.006571917983573027
0.008380604000813112
0.008380604000813113
0.006571917983573027
0.00453181736816551
0.003054465255215501
0.0021079085314975716
0.0015072798604654947
0.001116053730634579
0.0012226499547941937
0.001702903350843174
0.002497875908015855
0.00390915564325579
0.006571968706691741
0.011273898782295124
0.013089589564375816
0.013089589564375816
0.011273898782295122
0.006571968706691741
0.003909155643255789
0.0024978759080158544
0.001702903350843174
0.0012226499547941935
0.001283614425169869
0.0018201223978374062
0.002749422326780194
0.004531813636866672
0.008380572745782678
0.013089585936444683
0.009737261215156084
0.009737261215156083
0.013089585936444773
0.008380572745782675
0.004531813636866671
0.002749422326780194
0.0018201223978374056
0.0012836144251698687
0.0012836144251698687
0.0018201223978374058
0.002749422326780194
0.004531813636866671
0.008380572745782678
0.013089585936444697
0.009737261215156081
0.009737261215156081
0.013089585936444784
0.008380572745782675
0.0045318136368666705
0.002749422326780194
0.0018201223978374054
0.0012836144251698687
0.0012226499547941941
0.0017029033508431735
0.0024978759080158544
0.00390915564325579
0.006571968706691741
0.011273898782295122
0.013089589564375866
0.013089589564375873
0.01127389878229512
0.006571968706691741
0.003909155643255788
0.002497875908015854
0.0017029033508431735
0.0012226499547941935
0.001116053730634579
0.0015072798604654951
0.0021079085314975716
0.0030544652552155016
0.00453181736816551
0.006571917983573029
0.008380604000813113
0.008380604000813115
0.006571917983573029
0.00453181736816551
0.0030544652552155025
0.0021079085314975716
0.0015072798604654947
0.001116053730634579
0.0009860185379664342
0.0012836145660479884
0.0017028984119847733
0.002287049959064033
0.0030544629511198972
0.003909142961503601
0.004531816817865328
0.004531816817865327
0.0039091429615036
0.0030544629511198972
0.0022870499590640324
0.001702898411984773
0.0012836145660479884
0.0009860185379664342
0.001069201269098424
0.001350703122048984
0.0017028994150916177
0.002107910288627882
0.002497881493722036
0.0027494226044256706
0.0027494226044256706
0.002497881493722036
0.002107910288627882
0.0017028994150916177
0.0013507031220489842
0.0010692012690984242
0.0010692013830873738
0.0012836143652355688
0.0015072824219625623
0.0017028978614304178
0.0018201212222350239
0.0018201212222350234
0.0017028978614304178
0.0015072824219625625
0.001283614365235569
0.0010692013830873738
0.0009860130705703813
0.0011160533996138692
0.0012226519028289556
0.0012836170062091516
0.0012836170062091514
0.0012226519028289556
0.0011160533996138692
0.0009860130705703813
0.0032076081102121777
0.003501055082384455
0.0036679565146902635
0.0036679565146902635
0.003501055082384455
0.0032076081102121777
0.0030779709735839498
0.0036679544044688384
0.004274623631062294
0.004798105978136296
0.005108710998495753
0.005108710998495753
0.0047981059781362955
0.004274623631062294
0.003667954404468838
0.0030779709735839493
0.003077970719237568
0.003850847824067872
0.004798100369153895
0.005861690530922648
0.006861167645051547
0.0074936530185972265
0.007493653018597228
0.006861167645051548
0.005861690530922648
0.004798100369153895
0.0038508478240678714
0.003077970719237568
0.0036679516239662216
0.004798098133422347
0.00632373479650998
0.008248284225489011
0.010294900396874616
0.011727499485229952
0.011727499485229952
0.010294900396874617
0.008248284225489011
0.00632373479650998
0.004798098133422347
0.0036679516239662216
0.003207604686413518
0.004274619088802835
0.005861684911301642
0.008248286035876557
0.011727463809210293
0.016124017517340567
0.019715896324553363
0.019715896324553367
0.016124017517340564
0.011727463809210291
0.008248286035876557
0.005861684911301641
0.004274619088802834
0.0032076046864135182
0.0035010492734106565
0.004798093734729581
0.006861152162708726
0.010294871079931784
0.016123994899828988
0.025141798718872364
0.03382178474468168
0.03382178474468168
0.025141798718872364
0.016123994899828988
0.010294871079931782
0.0068611521627087255
0.004798093734729581
0.003501049273410656
0.0036679493576993686
0.005108698429615613
0.0074936312543710405
0.011727443268916731
0.019715780368123076
0.033821665661563395
0.039268916638300524
0.03926891663830052
0.03382166566156339
0.019715780368123072
0.011727443268916731
0.007493631254371039
0.005108698429615614
0.0036679493576993686
0.003667949357699369
0.005108698429615614
0.00749363125437104
0.011727443268916733
0.019715780368123076
0.033821665661563395
0.039268916638300524
0.03926891663830052
0.03382166566156339
0.019715780368123072
0.01172744326891673
0.007493631254371039
0.005108698429615614
0.0036679493576993686
0.003501049273410656
0.004798093734729582
0.006861152162708726
0.010294871079931782
0.01612399489982899
0.025141798718872364
0.03382178474468167
0.03382178474468167
0.025141798718872364
0.016123994899828988
0.010294871079931782
0.0068611521627087255
0.004798093734729581
0.0035010492734106565
0.0032076046864135182
0.004274619088802835
0.005861684911301641
0.008248286035876556
0.01172746380921029
0.016124017517340564
0.019715896324553367
0.019715896324553363
0.016124017517340564
0.011727463809210291
0.008248286035876556
0.005861684911301641
0.004274619088802834
0.003207604686413518
0.0036679516239662216
0.004798098133422347
0.00632373479650998
0.008248284225489011
0.010294900396874617
0.011727499485229952
0.011727499485229954
0.010294900396874616
0.008248284225489011
0.00632373479650998
0.004798098133422346
0.0036679516239662216
0.0030779707192375686
0.0038508478240678714
0.004798100369153895
0.005861690530922648
0.006861167645051547
0.0074936530185972265
0.007493653018597227
0.006861167645051547
0.005861690530922648
0.004798100369153895
0.0038508478240678714
0.0030779707192375677
0.0030779709735839498
0.0036679544044688384
0.0042746236310622935
0.004798105978136296
0.005108710998495753
0.005108710998495753
0.004798105978136296
0.0042746236310622935
0.003667954404468838
0.0030779709735839493
0.0032076081102121777
0.003501055082384455
0.003667956514690264
0.003667956514690264
0.003501055082384455
0.0032076081102121777
0.004930077777709542
0.005346015629121233
0.005580274516373895
0.005580274516373895
0.0053460156291212325
0.0049300777777095415
0.00558027043264888
0.00641808432754467
0.007124366272048941
0.007536419420869128
0.007536419420869127
0.007124366272048941
0.006418084327544671
0.00558027043264888
0.005835087739153784
0.007124361260545346
0.008514513143003903
0.009769493960733767
0.010539575772424772
0.01053957577242477
0.009769493960733766
0.008514513143003905
0.007124361260545347
0.005835087739153785
0.005580267959079455
0.007124356622099049
0.009100631229797844
0.011435268809501723
0.013747145926950715
0.015272339164248272
0.015272339164248274
0.013747145926950713
0.011435268809501723
0.009100631229797845
0.007124356622099048
0.005580267959079455
0.004930072496318678
0.006418075798690734
0.008514505478000055
0.011435260682726708
0.015272313125698916
0.019545792147814097
0.02265916152661866
0.02265916152661866
0.019545792147814097
0.015272313125698916
0.011435260682726706
0.008514505478000055
0.006418075798690734
0.004930072496318677
0.005346007022848277
0.007124355216083688
0.009769475631297674
0.013747124569909818
0.019545764444569593
0.026873330007625006
0.032859786195689245
0.032859786195689245
0.026873330007625006
0.01954576444456959
0.013747124569909817
0.009769475631297674
0.007124355216083686
0.005346007022848275
0.0055802629051574905
0.0075364037705895745
0.010539553388615333
0.015272295379695346
0.022659089629574726
0.03285963145630708
0.041902975022511384
0.04190297502251138
0.032859631456307076
0.022659089629574723
0.015272295379695345
0.010539553388615331
0.007536403770589574
0.0055802629051574905
0.0055802629051574905
0.007536403770589574
0.010539553388615331
0.015272295379695345
0.022659089629574723
0.032859631456307076
0.041902975022511384
0.041902975022511384
0.03285963145630708
0.022659089629574726
0.015272295379695345
0.010539553388615333
0.007536403770589574
0.0055802629051574905
0.005346007022848276
0.007124355216083687
0.009769475631297674
0.013747124569909817
0.019545764444569593
0.026873330007625006
0.032859786195689245
0.03285978619568924
0.026873330007625006
0.01954576444456959
0.013747124569909815
0.009769475631297674
0.007124355216083688
0.005346007022848275
0.004930072496318679
0.006418075798690734
0.008514505478000055
0.011435260682726706
0.015272313125698916
0.019545792147814097
0.02265916152661866
0.02265916152661866
0.019545792147814097
0.015272313125698917
0.011435260682726704
0.008514505478000055
0.006418075798690734
0.004930072496318678
0.005580267959079455
0.007124356622099049
0.009100631229797844
0.011435268809501721
0.013747145926950716
0.01527233916424827
0.01527233916424827
0.013747145926950716
0.011435268809501721
0.009100631229797842
0.007124356622099049
0.0055802679590794555
0.005835087739153785
0.007124361260545347
0.008514513143003905
0.009769493960733766
0.010539575772424769
0.01053957577242477
0.009769493960733766
0.008514513143003905
0.007124361260545346
0.005835087739153785
0.00558027043264888
0.006418084327544672
0.007124366272048941
0.0075364194208691285
0.007536419420869127
0.0071243662720489416
0.006418084327544671
0.00558027043264888
0.0049300777777095415
0.005346015629121233
0.005580274516373894
0.005580274516373895
0.005346015629121233
0.004930077777709542
0.006902106854506134
0.006902106854506133
0.006902104488599693
0.007812376625430202
0.00855856995489455
0.008985326864154824
0.008985326864154826
0.00855856995489455
0.007812376625430201
0.006902104488599694
0.0071819304380246664
0.008558566762326835
0.009974113518813906
0.011195567472520096
0.011920311385782758
0.01192031138578276
0.011195567472520094
0.009974113518813905
0.008558566762326835
0.0071819304380246664
0.006902100978304951
0.008558560412315482
0.010550979173488111
0.012740877595977368
0.01475538769397355
0.016009373294108283
0.01600937329410828
0.01475538769397355
0.012740877595977366
0.010550979173488108
0.00855856041231548
0.006902100978304952
0.007812370313639783
0.00997410325920769
0.012740871816777027
0.016009360048189245
0.019246001143828295
0.02138126476873028
0.02138126476873028
0.019246001143828295
0.016009360048189245
0.012740871816777029
0.009974103259207688
0.007812370313639783
0.00855855817272095
0.011195554781886038
0.014755369306511943
0.01924598839111686
0.02402137754393738
0.0273640664396419
0.027364066439641895
0.02402137754393738
0.01924598839111686
0.014755369306511943
0.011195554781886038
0.008558558172720946
0.006902098809853397
0.008985310084770493
0.011920294850090529
0.016009350425767656
0.021381231205044756
0.0273640438727374
0.03172273806088141
0.03172273806088141
0.027364043872737397
0.021381231205044756
0.016009350425767656
0.011920294850090527
0.008985310084770493
0.006902098809853397
0.006902098809853396
0.008985310084770493
0.011920294850090527
0.016009350425767656
0.02138123120504476
0.0273640438727374
0.03172273806088141
0.03172273806088141
0.0273640438727374
0.021381231205044756
0.016009350425767656
0.011920294850090527
0.00898531008477049
0.006902098809853398
0.008558558172720948
0.011195554781886037
0.014755369306511943
0.01924598839111686
0.02402137754393738
0.0273640664396419
0.0273640664396419
0.02402137754393738
0.019245988391116856
0.014755369306511943
0.011195554781886037
0.008558558172720948
0.007812370313639783
0.009974103259207692
0.012740871816777029
0.016009360048189245
0.0192460011438283
0.02138126476873028
0.021381264768730285
0.0192460011438283
0.016009360048189245
0.012740871816777029
0.009974103259207692
0.007812370313639783
0.006902100978304951
0.008558560412315482
0.010550979173488111
0.01274087759597737
0.01475538769397355
0.01600937329410828
0.01600937329410828
0.01475538769397355
0.012740877595977368
0.010550979173488111
0.00855856041231548
0.0069021009783049505
0.007181930438024668
0.008558566762326835
0.009974113518813905
0.011195567472520096
0.01192031138578276
0.01192031138578276
0.011195567472520094
0.009974113518813903
0.008558566762326835
0.0071819304380246664
0.006902104488599694
0.007812376625430202
0.008558569954894549
0.008985326864154826
0.008985326864154824
0.00855856995489455
0.007812376625430202
0.006902104488599694
0.006902106854506133
0.006902106854506132
0.00923392284594014
0.009622831894408386
0.009622831894408384
0.00923392284594014
0.009233920498094428
0.010503162705057757
0.011552546182843534
0.012156345657013881
0.012156345657013878
0.011552546182843536
0.010503162705057759
0.009233920498094428
0.009233915403699266
0.011003860604736468
0.012823847378516771
0.014394291320905413
0.015326106509155252
0.015326106509155252
0.014394291320905415
0.012823847378516771
0.011003860604736468
0.009233915403699266
0.010503157310456757
0.012823841538322852
0.015326098599176224
0.0175850718451924
0.018971216097979915
0.01897121609797991
0.017585071845192392
0.015326098599176222
0.01282384153832285
0.010503157310456755
0.009233912057814979
0.011552540748399596
0.01439428155681553
0.017585068030975294
0.020583471608340752
0.022480920604246165
0.02248092060424617
0.020583471608340752
0.017585068030975298
0.014394281556815526
0.011552540748399596
0.009233912057814979
0.009622818506639425
0.012156336052256154
0.015326089288914772
0.018971207224169655
0.02248090695168567
0.024744824909403225
0.024744824909403225
0.02248090695168567
0.018971207224169655
0.015326089288914772
0.012156336052256151
0.009622818506639423
0.009622818506639423
0.012156336052256153
0.015326089288914772
0.018971207224169655
0.022480906951685673
0.024744824909403225
0.024744824909403225
0.022480906951685673
0.01897120722416966
0.01532608928891477
0.012156336052256151
0.009622818506639423
0.009233912057814979
0.011552540748399596
0.01439428155681553
0.017585068030975294
0.020583471608340752
0.02248092060424617
0.02248092060424616
0.020583471608340752
0.017585068030975294
0.01439428155681553
0.011552540748399594
0.009233912057814979
0.010503157310456757
0.012823841538322852
0.015326098599176224
0.017585071845192396
0.01897121609797991
0.01897121609797991
0.017585071845192396
0.015326098599176226
0.01282384153832285
0.010503157310456753
0.009233915403699264
0.01100386060473647
0.012823847378516773
0.014394291320905413
0.01532610650915525
0.015326106509155252
0.014394291320905415
0.012823847378516771
0.011003860604736468
0.009233915403699266
0.009233920498094428
0.01050316270505776
0.011552546182843536
0.01215634565701388
0.012156345657013878
0.011552546182843534
0.010503162705057759
0.009233920498094428
0.00923392284594014
0.009622831894408384
0.009622831894408384
0.00923392284594014
0.011285893188004005
0.011761226804805675
0.011761226804805673
0.011285893188004005
0.010846162169789736
0.012276590765514708
0.013449159715058084
0.014119775557012645
0.014119775557012642
0.013449159715058086
0.01227659076551471
0.010846162169789736
0.012276588282944655
0.014119771368875446
0.01567358714624993
0.016580121186294473
0.016580121186294473
0.01567358714624993
0.014119771368875447
0.012276588282944655
0.011285891216069682
0.013449156730109994
0.015673583690655978
0.017593030029598628
0.018731905865759305
0.018731905865759305
0.01759303002959863
0.01567358369065598
0.013449156730109994
0.011285891216069682
0.011761221139925544
0.014119767762548037
0.016580109570407946
0.018731911649123023
0.02002138011089065
0.02002138011089065
0.018731911649123023
0.016580109570407946
0.014119767762548033
0.011761221139925542
0.011761221139925544
0.014119767762548035
0.016580109570407946
0.018731911649123023
0.02002138011089065
0.02002138011089065
0.018731911649123023
0.016580109570407946
0.014119767762548033
0.011761221139925546
0.011285891216069682
0.013449156730109992
0.015673583690655978
0.017593030029598628
0.01873190586575931
0.018731905865759305
0.017593030029598628
0.01567358369065598
0.013449156730109994
0.011285891216069682
0.012276588282944657
0.014119771368875449
0.01567358714624993
0.016580121186294476
0.016580121186294473
0.015673587146249928
0.014119771368875446
0.012276588282944655
0.010846162169789737
0.012276590765514711
0.013449159715058083
0.014119775557012644
0.014119775557012644
0.013449159715058081
0.012276590765514711
0.010846162169789737
0.011285893188004005
0.011761226804805675
0.011761226804805675
0.011285893188004005
0.01281819262641989
0.012818192626419889
0.012818191047529572
0.013899621783552814
0.014508692388820325
0.014508692388820325
0.013899621783552814
0.01281819104752957
0.013899622252776174
0.01517121803879169
0.01589445512664703
0.015894455126647035
0.01517121803879169
0.013899622252776175
0.012818186677340629
0.014508688708782719
0.015894451588274433
0.01668701601133933
0.016687016011339328
0.015894451588274433
0.014508688708782719
0.012818186677340629
0.012818186677340629
0.014508688708782719
0.01589445158827443
0.01668701601133933
0.01668701601133933
0.015894451588274433
0.014508688708782719
0.012818186677340629
0.013899622252776172
0.01517121803879169
0.015894455126647035
0.015894455126647035
0.015171218038791689
0.013899622252776175
0.012818191047529572
0.013899621783552816
0.014508692388820325
0.014508692388820325
0.013899621783552814
0.012818191047529572
0.01281819262641989
0.01281819262641989