-0.030785662245050714
-0.030785662245050718
-0.030785647864525666
-0.03338489691666439
-0.0348489270464169
-0.0348489270464169
-0.033384896916664394
-0.03078564786452567
-0.03338487367357376
-0.03644158416815621
-0.03818030635872878
-0.03818030635872879
-0.03644158416815621
-0.03338487367357376
-0.030785642521742772
-0.034848929762146146
-0.03818028379928897
-0.040085794420040045
-0.040085794420040045
-0.03818028379928898
-0.03484892976214614
-0.030785642521742772
-0.030785642521742772
-0.03484892976214614
-0.03818028379928897
-0.040085794420040045
-0.040085794420040045
-0.03818028379928898
-0.03484892976214613
-0.030785642521742776
-0.03338487367357376
-0.03644158416815621
-0.03818030635872878
-0.03818030635872879
-0.0364415841681562
-0.033384873673573755
-0.030785647864525673
-0.03338489691666439
-0.0348489270464169
-0.0348489270464169
-0.03338489691666439
-0.030785647864525673
-0.030785662245050718
-0.030785662245050714
-0.027106223298616398
-0.028248723768243472
-0.028248723768243472
-0.027106223298616398
-0.02604935344491442
-0.029487589963630392
-0.03230644257579854
-0.033918794932720556
-0.033918794932720556
-0.03230644257579854
-0.0294875899636304
-0.02604935344491442
-0.029487582686492844
-0.03391877409400427
-0.03765514682288522
-0.03983532928006974
-0.039835329280069734
-0.03765514682288522
-0.03391877409400427
-0.029487582686492847
-0.027106217164541386
-0.03230642274474321
-0.037655136139169605
-0.042271722738603294
-0.04501152726950375
-0.04501152726950375
-0.042271722738603294
-0.03765513613916961
-0.03230642274474321
-0.027106217164541386
-0.02824871270293412
-0.033918772785042864
-0.03983531339664989
-0.04501153095861722
-0.04811411114102149
-0.04811411114102149
-0.045011530958617214
-0.0398353133966499
-0.033918772785042864
-0.028248712702934116
-0.02824871270293412
-0.03391877278504286
-0.0398353133966499
-0.04501153095861721
-0.04811411114102149
-0.04811411114102149
-0.045011530958617214
-0.039835313396649905
-0.03391877278504286
-0.02824871270293412
-0.02710621716454139
-0.03230642274474321
-0.03765513613916961
-0.042271722738603294
-0.04501152726950375
-0.04501152726950375
-0.0422717227386033
-0.03765513613916961
-0.03230642274474321
-0.02710621716454139
-0.029487582686492847
-0.03391877409400427
-0.037655146822885226
-0.039835329280069734
-0.039835329280069734
-0.03765514682288522
-0.03391877409400426
-0.029487582686492847
-0.02604935344491442
-0.029487589963630392
-0.03230644257579854
-0.033918794932720556
-0.033918794932720556
-0.03230644257579854
-0.029487589963630392
-0.026049353444914422
-0.027106223298616398
-0.028248723768243476
-0.028248723768243472
-0.027106223298616398
-0.022177836961098492
-0.02311261073169328
-0.02311261073169328
-0.0221778369610985
-0.022177831892685584
-0.025228776860596082
-0.027751701500534073
-0.029203540107292737
-0.029203540107292734
-0.027751701500534073
-0.025228776860596082
-0.022177831892685584
-0.02217782375878609
-0.026432497174533373
-0.030808802741588412
-0.03458601648200451
-0.03682766274759231
-0.03682766274759231
-0.03458601648200451
-0.030808802741588412
-0.026432497174533373
-0.022177823758786092
-0.025228765651538573
-0.030808787870351427
-0.03682763960557594
-0.04226343101538164
-0.04559999703996703
-0.04559999703996703
-0.04226343101538163
-0.03682763960557593
-0.030808787870351427
-0.025228765651538577
-0.022177814517083984
-0.02775168442391889
-0.034585976451401594
-0.04226342560370705
-0.04948185319744865
-0.05405178940873915
-0.05405178940873914
-0.04948185319744865
-0.042263425603707064
-0.034585976451401594
-0.027751684423918895
-0.02217781451708398
-0.023112583212409728
-0.02920357780653177
-0.036827622938518476
-0.04559998170400923
-0.05405176165993333
-0.05950653699860273
-0.05950653699860273
-0.054051761659933334
-0.04559998170400923
-0.036827622938518476
-0.02920357780653178
-0.023112583212409735
-0.023112583212409728
-0.029203577806531773
-0.036827622938518476
-0.04559998170400923
-0.054051761659933334
-0.05950653699860273
-0.05950653699860273
-0.054051761659933334
-0.04559998170400923
-0.036827622938518476
-0.029203577806531773
-0.023112583212409728
-0.022177814517083984
-0.02775168442391889
-0.034585976451401594
-0.042263425603707064
-0.049481853197448654
-0.054051789408739136
-0.054051789408739136
-0.04948185319744865
-0.04226342560370705
-0.034585976451401594
-0.02775168442391889
-0.02217781451708398
-0.02522876565153858
-0.030808787870351424
-0.03682763960557593
-0.042263431015381644
-0.04559999703996703
-0.04559999703996703
-0.042263431015381644
-0.03682763960557593
-0.03080878787035142
-0.025228765651538577
-0.02217782375878609
-0.026432497174533373
-0.030808802741588415
-0.0345860164820045
-0.03682766274759231
-0.03682766274759231
-0.03458601648200451
-0.030808802741588412
-0.026432497174533373
-0.02217782375878609
-0.022177831892685584
-0.025228776860596085
-0.02775170150053407
-0.029203540107292737
-0.029203540107292734
-0.02775170150053407
-0.025228776860596082
-0.02217783189268558
-0.022177836961098492
-0.02311261073169328
-0.023112610731693288
-0.022177836961098492
-0.016576905905835937
-0.016576905905835937
-0.01657689566215261
-0.01876482075176599
-0.02055863445208438
-0.021584678763745355
-0.021584678763745355
-0.02055863445208438
-0.018764820751765988
-0.01657689566215261
-0.017249440493896904
-0.020558628473644928
-0.023962361156637413
-0.026900198479544512
-0.028643710975724188
-0.028643710975724185
-0.026900198479544512
-0.023962361156637413
-0.020558628473644928
-0.0172494404938969
-0.016576885803787404
-0.020558619988746196
-0.025349745663995293
-0.03061816908948214
-0.03546672836259527
-0.03848595358319824
-0.03848595358319824
-0.03546672836259527
-0.03061816908948214
-0.025349745663995293
-0.020558619988746193
-0.016576885803787404
-0.018764804998871763
-0.02396234583372011
-0.03061814637932958
-0.03848592118590422
-0.046282797134927896
-0.05142987042444594
-0.05142987042444594
-0.0462827971349279
-0.038485921185904215
-0.030618146379329584
-0.02396234583372011
-0.01876480499887176
-0.02055861349729095
-0.026900178955168087
-0.03546668801235974
-0.04628277644933601
-0.05779772518174811
-0.06586672240987171
-0.06586672240987171
-0.05779772518174812
-0.04628277644933601
-0.03546668801235974
-0.026900178955168087
-0.020558613497290948
-0.01657687835347048
-0.021584650249876672
-0.028643681484988033
-0.03848589619850998
-0.05142980243622561
-0.06586660188939249
-0.07639943336818754
-0.07639943336818754
-0.06586660188939249
-0.051429802436225594
-0.03848589619850998
-0.028643681484988033
-0.02158465024987667
-0.016576878353470475
-0.01657687835347048
-0.021584650249876672
-0.028643681484988033
-0.03848589619850998
-0.051429802436225594
-0.06586660188939247
-0.07639943336818757
-0.07639943336818755
-0.06586660188939249
-0.051429802436225594
-0.03848589619850998
-0.028643681484988033
-0.02158465024987667
-0.01657687835347048
-0.020558613497290948
-0.02690017895516808
-0.03546668801235975
-0.04628277644933601
-0.05779772518174811
-0.06586672240987171
-0.06586672240987171
-0.05779772518174811
-0.046282776449336004
-0.03546668801235974
-0.026900178955168084
-0.020558613497290948
-0.018764804998871763
-0.023962345833720113
-0.030618146379329584
-0.038485921185904215
-0.0462827971349279
-0.051429870424445925
-0.05142987042444594
-0.0462827971349279
-0.03848592118590421
-0.030618146379329584
-0.02396234583372011
-0.018764804998871763
-0.016576885803787404
-0.020558619988746196
-0.025349745663995293
-0.030618169089482145
-0.03546672836259526
-0.03848595358319824
-0.03848595358319824
-0.03546672836259526
-0.030618169089482138
-0.025349745663995293
-0.020558619988746196
-0.016576885803787404
-0.0172494404938969
-0.020558628473644928
-0.023962361156637413
-0.026900198479544512
-0.028643710975724188
-0.028643710975724185
-0.026900198479544512
-0.023962361156637416
-0.020558628473644928
-0.0172494404938969
-0.01657689566215261
-0.01876482075176599
-0.02055863445208438
-0.021584678763745355
-0.02158467876374535
-0.020558634452084383
-0.01876482075176599
-0.01657689566215261
-0.016576905905835937
-0.016576905905835937
-0.011840625512222525
-0.012840337607078497
-0.01340343352713883
-0.01340343352713883
-0.012840337607078497
-0.011840625512222525
-0.013403425481130472
-0.015417655824237791
-0.017116002705662707
-0.018107001331546684
-0.018107001331546687
-0.017116002705662707
-0.015417655824237791
-0.013403425481130472
-0.014015984526225784
-0.017115989740817985
-0.020459803030294824
-0.023479708070662086
-0.0253333579485006
-0.0253333579485006
-0.023479708070662086
-0.02045980303029482
-0.01711598974081798
-0.01401598452622578
-0.013403421845748381
-0.01711597896915719
-0.021870064790567207
-0.02748993628728149
-0.033059229509731954
-0.03673572596845901
-0.03673572596845901
-0.033059229509731954
-0.027489936287281493
-0.021870064790567204
-0.01711597896915719
-0.01340342184574838
-0.011840615955352232
-0.015417627444324799
-0.020459787989111314
-0.027489917295377517
-0.03673564182741372
-0.047047586597812996
-0.054571075638872785
-0.054571075638872785
-0.047047586597813
-0.03673564182741372
-0.027489917295377513
-0.020459787989111314
-0.015417627444324799
-0.011840615955352228
-0.012840323419256783
-0.01711597631032214
-0.023479673855967605
-0.03305917369422975
-0.04704753591034182
-0.06477130212661583
-0.07929877747673392
-0.07929877747673393
-0.06477130212661582
-0.04704753591034182
-0.03305917369422975
-0.023479673855967602
-0.01711597631032214
-0.012840323419256781
-0.013403413730429834
-0.018106963316371554
-0.025333318241951418
-0.036735578340380215
-0.0545709535408917
-0.07929857947459397
-0.10135504768104098
-0.10135504768104098
-0.07929857947459397
-0.054570953540891705
-0.03673557834038021
-0.025333318241951418
-0.018106963316371554
-0.013403413730429834
-0.013403413730429834
-0.018106963316371558
-0.025333318241951414
-0.036735578340380215
-0.054570953540891705
-0.07929857947459397
-0.10135504768104099
-0.10135504768104099
-0.07929857947459397
-0.0545709535408917
-0.03673557834038021
-0.02533331824195141
-0.018106963316371554
-0.013403413730429834
-0.012840323419256783
-0.017115976310322144
-0.023479673855967605
-0.033059173694229754
-0.04704753591034182
-0.06477130212661582
-0.07929877747673393
-0.07929877747673393
-0.06477130212661582
-0.04704753591034182
-0.033059173694229754
-0.023479673855967605
-0.01711597631032214
-0.01284032341925678
-0.011840615955352232
-0.015417627444324799
-0.020459787989111317
-0.027489917295377517
-0.03673564182741373
-0.047047586597812996
-0.054571075638872785
-0.05457107563887279
-0.047047586597812996
-0.03673564182741373
-0.027489917295377513
-0.020459787989111317
-0.015417627444324799
-0.01184061595535223
-0.01340342184574838
-0.01711597896915719
-0.021870064790567204
-0.02748993628728149
-0.033059229509731954
-0.03673572596845902
-0.03673572596845902
-0.03305922950973195
-0.027489936287281486
-0.0218700647905672
-0.01711597896915719
-0.01340342184574838
-0.014015984526225784
-0.017115989740817985
-0.02045980303029482
-0.023479708070662086
-0.02533335794850059
-0.0253333579485006
-0.023479708070662086
-0.02045980303029482
-0.01711598974081798
-0.01401598452622578
-0.01340342548113047
-0.015417655824237791
-0.017116002705662707
-0.018107001331546687
-0.018107001331546684
-0.017116002705662707
-0.015417655824237791
-0.01340342548113047
-0.011840625512222525
-0.012840337607078495
-0.013403433527138832
-0.013403433527138832
-0.012840337607078497
-0.011840625512222524
-0.0077042118218773725
-0.00840960598971946
-0.00881084868437857
-0.00881084868437857
-0.008409605989719458
-0.0077042118218773725
-0.007392621520068175
-0.008810843111171073
-0.010269589551047495
-0.011528667826381319
-0.012275887791094162
-0.012275887791094163
-0.01152866782638132
-0.010269589551047495
-0.008810843111171075
-0.0073926215200681746
-0.007392621873414569
-0.00925057359009777
-0.011528661630532582
-0.014087815858533923
-0.016494005605959147
-0.0180173136969275
-0.018017313696927495
-0.016494005605959147
-0.014087815858533921
-0.011528661630532582
-0.009250573590097769
-0.007392621873414568
-0.008810839782585667
-0.011528654384009393
-0.015200028244668564
-0.019835511712244003
-0.024770500186341072
-0.02822860352536235
-0.028228603525362352
-0.024770500186341072
-0.019835511712244003
-0.015200028244668562
-0.011528654384009396
-0.008810839782585667
-0.007704209883484421
-0.01026957976646585
-0.014087801294500149
-0.019835485274220074
-0.028228528319283196
-0.03886280180530242
-0.04757932631944139
-0.04757932631944139
-0.03886280180530242
-0.028228528319283196
-0.019835485274220074
-0.014087801294500147
-0.010269579766465848
-0.007704209883484423
-0.008409599587333786
-0.011528647545977874
-0.016493969545095473
-0.024770448180633745
-0.038862724271375146
-0.06081305557253285
-0.0822802761923352
-0.0822802761923352
-0.06081305557253285
-0.03886272427137514
-0.024770448180633745
-0.016493969545095473
-0.011528647545977874
-0.008409599587333786
-0.008810844003384322
-0.012275863520897308
-0.018017275898443603
-0.02822856805106858
-0.04757909463300801
-0.08227990764039328
-0.10010957584296758
-0.10010957584296756
-0.08227990764039327
-0.04757909463300801
-0.028228568051068575
-0.0180172758984436
-0.012275863520897308
-0.008810844003384322
-0.008810844003384322
-0.01227586352089731
-0.0180172758984436
-0.02822856805106858
-0.04757909463300801
-0.08227990764039327
-0.10010957584296759
-0.10010957584296759
-0.08227990764039325
-0.047579094633008
-0.02822856805106858
-0.0180172758984436
-0.012275863520897306
-0.008810844003384322
-0.008409599587333786
-0.011528647545977874
-0.016493969545095473
-0.024770448180633745
-0.038862724271375146
-0.060813055572532845
-0.0822802761923352
-0.0822802761923352
-0.060813055572532845
-0.03886272427137514
-0.024770448180633748
-0.016493969545095473
-0.011528647545977872
-0.008409599587333786
-0.007704209883484421
-0.010269579766465848
-0.01408780129450015
-0.019835485274220077
-0.028228528319283196
-0.03886280180530241
-0.04757932631944138
-0.04757932631944138
-0.03886280180530241
-0.028228528319283196
-0.01983548527422007
-0.014087801294500147
-0.01026957976646585
-0.007704209883484421
-0.008810839782585667
-0.011528654384009395
-0.015200028244668562
-0.019835511712244007
-0.024770500186341075
-0.02822860352536235
-0.02822860352536235
-0.024770500186341075
-0.019835511712244007
-0.015200028244668564
-0.011528654384009393
-0.008810839782585667
-0.007392621873414568
-0.009250573590097769
-0.011528661630532582
-0.014087815858533921
-0.016494005605959147
-0.018017313696927495
-0.0180173136969275
-0.016494005605959147
-0.014087815858533921
-0.011528661630532582
-0.009250573590097769
-0.007392621873414569
-0.007392621520068176
-0.008810843111171075
-0.010269589551047497
-0.01152866782638132
-0.012275887791094162
-0.01227588779109416
-0.011528667826381319
-0.010269589551047497
-0.008810843111171073
-0.007392621520068175
-0.007704211821877371
-0.00840960598971946
-0.00881084868437857
-0.00881084868437857
-0.00840960598971946
-0.0077042118218773725
-0.0023681224992067804
-0.0026806835969891024
-0.002936944101241104
-0.003083521772788149
-0.0030835217727881487
-0.002936944101241105
-0.0026806835969891024
-0.00236812249920678
-0.0025680640166042996
-0.0030835203886941656
-0.0036213909953191365
-0.004091956746123797
-0.0043740101515237105
-0.00437401015152371
-0.004091956746123799
-0.0036213909953191365
-0.0030835203886941647
-0.0025680640166042996
-0.0025680637289342764
-0.003244834523132978
-0.004091954797525504
-0.005066662949766329
-0.006005756861624456
-0.006611818990592301
-0.006611818990592302
-0.006005756861624455
-0.005066662949766329
-0.004091954797525505
-0.003244834523132978
-0.0025680637289342764
-0.002368121380833309
-0.0030835316204564675
-0.0040919701708648564
-0.005497979663860945
-0.007347119506133787
-0.009409512270776863
-0.010914189441094468
-0.010914189441094468
-0.009409512270776863
-0.007347119506133786
-0.0054979796638609454
-0.004091970170864856
-0.003083531620456467
-0.002368121380833309
-0.0026806822252280448
-0.003621399389328446
-0.005066660437343919
-0.007347153158581408
-0.010914199436514649
-0.015859726284018594
-0.020271027036927
-0.020271027036926997
-0.015859726284018598
-0.010914199436514649
-0.007347153158581408
-0.005066660437343919
-0.003621399389328446
-0.0026806822252280443
-0.002936940994496176
-0.004091950612151002
-0.006005746965881732
-0.009409493075795848
-0.015859778359958436
-0.02742659379129729
-0.03336982015403713
-0.033369820154037146
-0.027426593791297287
-0.015859778359958436
-0.009409493075795847
-0.0060057469658817315
-0.004091950612151002
-0.0029369409944961762
-0.0030835186570564166
-0.004374003063609218
-0.006611814689356355
-0.01091417993060427
-0.02027097569644783
-0.033369757725982656
-0.02695486075511208
-0.026954860755112078
-0.033369757725982795
-0.020270975696447834
-0.01091417993060427
-0.006611814689356354
-0.004374003063609218
-0.003083518657056416
-0.003083518657056416
-0.004374003063609218
-0.006611814689356355
-0.01091417993060427
-0.02027097569644783
-0.03336975772598268
-0.026954860755112074
-0.02695486075511208
-0.033369757725982795
-0.020270975696447827
-0.01091417993060427
-0.006611814689356354
-0.004374003063609218
-0.0030835186570564157
-0.0029369409944961762
-0.004091950612151003
-0.0060057469658817315
-0.009409493075795848
-0.01585977835995844
-0.02742659379129729
-0.03336982015403703
-0.03336982015403703
-0.02742659379129729
-0.015859778359958436
-0.009409493075795847
-0.0060057469658817315
-0.004091950612151002
-0.0029369409944961767
-0.0026806822252280448
-0.0036213993893284458
-0.005066660437343919
-0.007347153158581408
-0.010914199436514647
-0.015859726284018598
-0.020271027036927
-0.020271027036927
-0.015859726284018594
-0.01091419943651465
-0.007347153158581409
-0.005066660437343919
-0.0036213993893284458
-0.0026806822252280448
-0.002368121380833309
-0.0030835316204564675
-0.004091970170864856
-0.0054979796638609454
-0.007347119506133787
-0.009409512270776863
-0.010914189441094468
-0.010914189441094468
-0.009409512270776861
-0.007347119506133787
-0.0054979796638609454
-0.004091970170864856
-0.003083531620456467
-0.002368121380833309
-0.002568063728934277
-0.003244834523132978
-0.004091954797525505
-0.00506666294976633
-0.006005756861624454
-0.006611818990592301
-0.0066118189905923
-0.006005756861624455
-0.005066662949766329
-0.004091954797525504
-0.003244834523132978
-0.002568063728934277
-0.0025680640166042996
-0.003083520388694165
-0.0036213909953191365
-0.004091956746123798
-0.00437401015152371
-0.00437401015152371
-0.004091956746123797
-0.0036213909953191365
-0.003083520388694165
-0.0025680640166042996
-0.0023681224992067804
-0.002680683596989102
-0.0029369441012411044
-0.003083521772788149
-0.003083521772788149
-0.002936944101241104
-0.0026806835969891024
-0.0023681224992067804
0.0023681224992067804
0.002680683596989103
0.002936944101241104
0.0030835217727881487
0.0030835217727881487
0.0029369441012411044
0.002680683596989103
0.002368122499206781
0.0025680640166042996
0.0030835203886941656
0.0036213909953191365
0.004091956746123797
0.00437401015152371
0.00437401015152371
0.004091956746123798
0.0036213909953191365
0.0030835203886941647
0.0025680640166042996
0.0025680637289342764
0.003244834523132978
0.004091954797525506
0.00506666294976633
0.006005756861624455
0.006611818990592301
0.006611818990592299
0.006005756861624455
0.00506666294976633
0.004091954797525504
0.003244834523132978
0.002568063728934277
0.002368121380833308
0.0030835316204564684
0.0040919701708648564
0.005497979663860946
0.007347119506133787
0.009409512270776861
0.010914189441094471
0.01091418944109447
0.009409512270776861
0.007347119506133786
0.005497979663860946
0.004091970170864856
0.0030835316204564684
0.002368121380833308
0.0026806822252280448
0.0036213993893284458
0.005066660437343918
0.007347153158581409
0.01091419943651465
0.015859726284018598
0.020271027036926997
0.020271027036926997
0.015859726284018598
0.01091419943651465
0.007347153158581409
0.005066660437343918
0.0036213993893284453
0.0026806822252280448
0.0029369409944961762
0.004091950612151002
0.006005746965881731
0.009409493075795852
0.015859778359958436
0.02742659379129729
0.03336982015403704
0.03336982015403705
0.02742659379129729
0.015859778359958436
0.009409493075795848
0.006005746965881731
0.004091950612151002
0.0029369409944961762
0.0030835186570564166
0.004374003063609219
0.0066118146893563556
0.010914179930604274
0.02027097569644783
0.033369757725982524
0.02695486075511206
0.02695486075511208
0.033369757725982704
0.020270975696447827
0.01091417993060427
0.006611814689356354
0.004374003063609219
0.0030835186570564166
0.0030835186570564175
0.004374003063609217
0.006611814689356356
0.010914179930604272
0.020270975696447827
0.03336975772598254
0.026954860755112057
0.02695486075511208
0.03336975772598274
0.02027097569644783
0.010914179930604272
0.006611814689356355
0.004374003063609218
0.0030835186570564166
0.0029369409944961762
0.004091950612151002
0.006005746965881731
0.00940949307579585
0.015859778359958436
0.02742659379129729
0.033369820154037264
0.033369820154037284
0.02742659379129729
0.015859778359958436
0.00940949307579585
0.0060057469658817315
0.004091950612151002
0.002936940994496176
0.0026806822252280448
0.0036213993893284475
0.005066660437343918
0.007347153158581409
0.010914199436514649
0.015859726284018598
0.020271027036926993
0.020271027036927
0.015859726284018594
0.010914199436514649
0.007347153158581409
0.005066660437343918
0.003621399389328446
0.0026806822252280443
0.002368121380833308
0.0030835316204564684
0.0040919701708648564
0.005497979663860947
0.007347119506133787
0.009409512270776863
0.010914189441094468
0.01091418944109447
0.009409512270776863
0.007347119506133787
0.005497979663860946
0.0040919701708648564
0.0030835316204564684
0.0023681213808333084
0.002568063728934277
0.003244834523132977
0.004091954797525504
0.005066662949766329
0.006005756861624454
0.0066118189905923
0.006611818990592301
0.006005756861624453
0.00506666294976633
0.004091954797525505
0.0032448345231329773
0.0025680637289342773
0.0025680640166043
0.003083520388694165
0.0036213909953191365
0.004091956746123797
0.004374010151523709
0.00437401015152371
0.004091956746123798
0.0036213909953191365
0.003083520388694166
0.0025680640166042996
0.0023681224992067804
0.002680683596989103
0.002936944101241105
0.0030835217727881487
0.0030835217727881487
0.002936944101241105
0.0026806835969891024
0.002368122499206781
0.0077042118218773725
0.00840960598971946
0.00881084868437857
0.008810848684378569
0.008409605989719461
0.0077042118218773725
0.007392621520068176
0.008810843111171073
0.010269589551047495
0.011528667826381319
0.01227588779109416
0.01227588779109416
0.011528667826381317
0.010269589551047495
0.008810843111171076
0.007392621520068176
0.007392621873414568
0.009250573590097769
0.011528661630532582
0.014087815858533923
0.016494005605959143
0.018017313696927495
0.018017313696927495
0.016494005605959143
0.014087815858533923
0.01152866163053258
0.009250573590097767
0.007392621873414568
0.008810839782585667
0.011528654384009395
0.015200028244668562
0.019835511712244003
0.024770500186341075
0.02822860352536235
0.028228603525362345
0.024770500186341075
0.019835511712244003
0.015200028244668559
0.011528654384009395
0.008810839782585667
0.007704209883484422
0.010269579766465848
0.014087801294500147
0.01983548527422007
0.028228528319283196
0.03886280180530242
0.047579326319441395
0.04757932631944139
0.03886280180530241
0.028228528319283196
0.019835485274220067
0.014087801294500149
0.010269579766465848
0.007704209883484421
0.008409599587333786
0.011528647545977874
0.016493969545095473
0.024770448180633745
0.03886272427137515
0.060813055572532845
0.0822802761923352
0.0822802761923352
0.060813055572532845
0.03886272427137515
0.02477044818063374
0.016493969545095473
0.011528647545977874
0.008409599587333784
0.008810844003384322
0.012275863520897308
0.0180172758984436
0.02822856805106858
0.04757909463300801
0.08227990764039325
0.10010957584296758
0.10010957584296755
0.08227990764039325
0.047579094633008
0.02822856805106858
0.0180172758984436
0.012275863520897306
0.008810844003384322
0.008810844003384324
0.012275863520897308
0.018017275898443597
0.02822856805106858
0.047579094633008
0.08227990764039327
0.10010957584296758
0.10010957584296756
0.08227990764039325
0.047579094633008
0.028228568051068575
0.018017275898443597
0.012275863520897308
0.008810844003384324
0.008409599587333786
0.011528647545977874
0.016493969545095476
0.024770448180633745
0.038862724271375146
0.060813055572532845
0.0822802761923352
0.08228027619233522
0.06081305557253285
0.038862724271375146
0.024770448180633745
0.016493969545095473
0.011528647545977874
0.008409599587333786
0.007704209883484422
0.010269579766465848
0.014087801294500149
0.01983548527422007
0.0282285283192832
0.03886280180530241
0.04757932631944139
0.04757932631944138
0.03886280180530241
0.028228528319283196
0.01983548527422007
0.014087801294500147
0.010269579766465848
0.007704209883484421
0.008810839782585666
0.011528654384009395
0.015200028244668562
0.019835511712244003
0.024770500186341075
0.02822860352536235
0.028228603525362345
0.024770500186341075
0.019835511712244003
0.01520002824466856
0.011528654384009395
0.008810839782585667
0.007392621873414568
0.009250573590097769
0.011528661630532582
0.014087815858533918
0.016494005605959147
0.018017313696927495
0.018017313696927495
0.016494005605959147
0.01408781585853392
0.01152866163053258
0.009250573590097769
0.007392621873414568
0.007392621520068176
0.008810843111171075
0.010269589551047495
0.011528667826381319
0.01227588779109416
0.01227588779109416
0.01152866782638132
0.010269589551047495
0.008810843111171075
0.007392621520068176
0.007704211821877371
0.00840960598971946
0.008810848684378569
0.00881084868437857
0.00840960598971946
0.007704211821877372
0.011840625512222525
0.012840337607078497
0.013403433527138835
0.013403433527138828
0.012840337607078497
0.011840625512222524
0.013403425481130469
0.01541765582423779
0.017116002705662707
0.01810700133154668
0.018107001331546687
0.01711600270566271
0.01541765582423779
0.013403425481130469
0.01401598452622578
0.017115989740817985
0.02045980303029482
0.023479708070662086
0.0253333579485006
0.025333357948500595
0.023479708070662086
0.02045980303029482
0.01711598974081799
0.01401598452622578
0.01340342184574838
0.01711597896915719
0.0218700647905672
0.027489936287281493
0.033059229509731954
0.03673572596845901
0.03673572596845902
0.03305922950973195
0.027489936287281493
0.021870064790567204
0.01711597896915719
0.013403421845748378
0.01184061595535223
0.015417627444324799
0.020459787989111317
0.027489917295377513
0.03673564182741372
0.047047586597812996
0.05457107563887278
0.05457107563887279
0.047047586597812996
0.03673564182741372
0.02748991729537751
0.020459787989111317
0.015417627444324799
0.011840615955352232
0.012840323419256781
0.01711597631032214
0.023479673855967605
0.033059173694229754
0.04704753591034182
0.06477130212661582
0.07929877747673394
0.07929877747673394
0.06477130212661582
0.04704753591034182
0.03305917369422975
0.02347967385596761
0.01711597631032214
0.012840323419256781
0.013403413730429834
0.018106963316371554
0.02533331824195141
0.036735578340380215
0.0545709535408917
0.07929857947459397
0.10135504768104098
0.10135504768104098
0.07929857947459396
0.0545709535408917
0.036735578340380215
0.025333318241951418
0.018106963316371554
0.013403413730429834
0.013403413730429834
0.018106963316371554
0.025333318241951414
0.036735578340380215
0.054570953540891705
0.07929857947459397
0.10135504768104098
0.10135504768104098
0.07929857947459396
0.0545709535408917
0.036735578340380215
0.02533331824195141
0.018106963316371558
0.013403413730429832
0.012840323419256783
0.017115976310322144
0.023479673855967605
0.033059173694229754
0.047047535910341824
0.06477130212661582
0.07929877747673394
0.07929877747673393
0.06477130212661582
0.04704753591034182
0.03305917369422975
0.02347967385596761
0.01711597631032214
0.01284032341925678
0.011840615955352228
0.0154176274443248
0.020459787989111314
0.027489917295377513
0.03673564182741372
0.047047586597813
0.054571075638872785
0.054571075638872785
0.047047586597812996
0.03673564182741373
0.027489917295377513
0.020459787989111317
0.015417627444324797
0.011840615955352232
0.01340342184574838
0.01711597896915719
0.021870064790567207
0.027489936287281493
0.033059229509731954
0.03673572596845902
0.03673572596845902
0.033059229509731954
0.027489936287281493
0.021870064790567204
0.01711597896915719
0.01340342184574838
0.014015984526225782
0.017115989740817985
0.020459803030294824
0.02347970807066209
0.025333357948500595
0.02533335794850059
0.023479708070662086
0.020459803030294824
0.01711598974081798
0.014015984526225779
0.013403425481130469
0.01541765582423779
0.017116002705662707
0.018107001331546684
0.018107001331546687
0.01711600270566271
0.01541765582423779
0.013403425481130469
0.011840625512222525
0.012840337607078495
0.013403433527138832
0.01340343352713883
0.012840337607078499
0.011840625512222525
0.016576905905835937
0.016576905905835937
0.01657689566215261
0.01876482075176599
0.020558634452084376
0.02158467876374535
0.021584678763745355
0.02055863445208438
0.018764820751765988
0.01657689566215261
0.017249440493896904
0.020558628473644928
0.02396236115663741
0.02690019847954451
0.028643710975724185
0.028643710975724188
0.02690019847954451
0.023962361156637413
0.020558628473644928
0.0172494404938969
0.016576885803787404
0.020558619988746193
0.02534974566399529
0.03061816908948214
0.03546672836259526
0.038485953583198236
0.038485953583198236
0.03546672836259526
0.03061816908948214
0.02534974566399529
0.0205586199887462
0.016576885803787404
0.018764804998871763
0.02396234583372011
0.030618146379329584
0.038485921185904215
0.0462827971349279
0.05142987042444593
0.05142987042444594
0.0462827971349279
0.038485921185904215
0.03061814637932958
0.02396234583372011
0.018764804998871763
0.020558613497290948
0.026900178955168084
0.03546668801235975
0.04628277644933601
0.05779772518174811
0.06586672240987172
0.06586672240987171
0.0577977251817481
0.04628277644933601
0.03546668801235974
0.026900178955168087
0.020558613497290948
0.01657687835347048
0.02158465024987667
0.028643681484988033
0.03848589619850997
0.051429802436225594
0.06586660188939249
0.07639943336818754
0.07639943336818754
0.06586660188939249
0.051429802436225594
0.03848589619850998
0.028643681484988033
0.021584650249876672
0.01657687835347048
0.016576878353470475
0.02158465024987667
0.028643681484988033
0.03848589619850998
0.051429802436225594
0.06586660188939249
0.07639943336818755
0.07639943336818755
0.06586660188939249
0.0514298024362256
0.03848589619850997
0.028643681484988033
0.021584650249876665
0.016576878353470475
0.020558613497290948
0.026900178955168084
0.03546668801235975
0.04628277644933601
0.05779772518174811
0.06586672240987172
0.06586672240987171
0.0577977251817481
0.04628277644933601
0.03546668801235974
0.026900178955168087
0.020558613497290944
0.01876480499887176
0.02396234583372011
0.03061814637932958
0.03848592118590421
0.0462827971349279
0.05142987042444594
0.05142987042444594
0.0462827971349279
0.038485921185904215
0.03061814637932958
0.02396234583372011
0.01876480499887176
0.016576885803787404
0.020558619988746196
0.025349745663995293
0.030618169089482138
0.03546672836259526
0.03848595358319824
0.038485953583198236
0.03546672836259527
0.03061816908948214
0.02534974566399529
0.020558619988746196
0.016576885803787404
0.017249440493896904
0.02055862847364493
0.02396236115663741
0.026900198479544512
0.02864371097572419
0.028643710975724185
0.026900198479544515
0.02396236115663741
0.02055862847364493
0.0172494404938969
0.01657689566215261
0.01876482075176599
0.020558634452084383
0.02158467876374535
0.021584678763745355
0.020558634452084383
0.01876482075176599
0.01657689566215261
0.016576905905835937
0.016576905905835937
0.022177836961098492
0.023112610731693285
0.023112610731693285
0.022177836961098492
0.02217783189268558
0.025228776860596082
0.02775170150053407
0.029203540107292737
0.029203540107292737
0.02775170150053407
0.02522877686059608
0.022177831892685584
0.022177823758786092
0.026432497174533377
0.030808802741588412
0.03458601648200451
0.03682766274759231
0.03682766274759231
0.03458601648200452
0.030808802741588412
0.026432497174533377
0.02217782375878609
0.025228765651538577
0.030808787870351427
0.03682763960557594
0.042263431015381644
0.04559999703996703
0.04559999703996703
0.042263431015381644
0.03682763960557594
0.03080878787035142
0.025228765651538577
0.022177814517083984
0.02775168442391889
0.034585976451401594
0.04226342560370705
0.04948185319744865
0.05405178940873914
0.05405178940873914
0.04948185319744864
0.04226342560370705
0.034585976451401594
0.02775168442391889
0.022177814517083984
0.02311258321240973
0.029203577806531777
0.036827622938518476
0.04559998170400923
0.05405176165993334
0.059506536998602734
0.05950653699860273
0.054051761659933334
0.04559998170400923
0.03682762293851848
0.029203577806531773
0.023112583212409728
0.02311258321240973
0.029203577806531777
0.03682762293851848
0.04559998170400923
0.05405176165993334
0.05950653699860273
0.05950653699860273
0.054051761659933334
0.04559998170400923
0.036827622938518476
0.029203577806531777
0.023112583212409728
0.02217781451708398
0.027751684423918888
0.034585976451401594
0.04226342560370706
0.049481853197448654
0.05405178940873914
0.05405178940873915
0.04948185319744865
0.04226342560370706
0.034585976451401594
0.027751684423918888
0.02217781451708398
0.02522876565153858
0.030808787870351424
0.03682763960557594
0.042263431015381644
0.04559999703996704
0.04559999703996703
0.042263431015381644
0.03682763960557594
0.030808787870351424
0.02522876565153858
0.022177823758786092
0.026432497174533377
0.03080880274158841
0.03458601648200451
0.03682766274759231
0.03682766274759231
0.03458601648200451
0.030808802741588412
0.026432497174533377
0.022177823758786092
0.02217783189268558
0.025228776860596082
0.027751701500534073
0.02920354010729274
0.029203540107292734
0.02775170150053407
0.025228776860596082
0.02217783189268558
0.022177836961098492
0.023112610731693285
0.023112610731693285
0.022177836961098495
0.027106223298616398
0.028248723768243472
0.028248723768243472
0.027106223298616394
0.02604935344491442
0.029487589963630392
0.03230644257579854
0.033918794932720556
0.03391879493272056
0.03230644257579854
0.02948758996363039
0.026049353444914422
0.02948758268649284
0.03391877409400427
0.03765514682288522
0.03983532928006974
0.039835329280069734
0.03765514682288522
0.03391877409400427
0.029487582686492844
0.027106217164541386
0.03230642274474321
0.03765513613916961
0.0422717227386033
0.04501152726950374
0.045011527269503734
0.042271722738603294
0.03765513613916961
0.03230642274474321
0.02710621716454139
0.02824871270293412
0.03391877278504286
0.039835313396649905
0.045011530958617214
0.04811411114102149
0.048114111141021494
0.04501153095861722
0.0398353133966499
0.033918772785042864
0.028248712702934116
0.028248712702934116
0.033918772785042864
0.03983531339664989
0.045011530958617214
0.04811411114102149
0.04811411114102149
0.045011530958617214
0.0398353133966499
0.033918772785042864
0.02824871270293412
0.02710621716454139
0.03230642274474321
0.037655136139169605
0.042271722738603294
0.04501152726950374
0.04501152726950374
0.0422717227386033
0.037655136139169605
0.03230642274474321
0.027106217164541386
0.029487582686492847
0.03391877409400426
0.03765514682288522
0.039835329280069734
0.039835329280069734
0.03765514682288522
0.03391877409400427
0.02948758268649284
0.02604935344491442
0.029487589963630392
0.03230644257579854
0.033918794932720556
0.033918794932720556
0.03230644257579854
0.029487589963630392
0.02604935344491442
0.027106223298616398
0.028248723768243472
0.028248723768243472
0.027106223298616398
0.030785662245050714
0.03078566224505071
0.03078564786452567
0.033384896916664394
0.0348489270464169
0.0348489270464169
0.03338489691666439
0.030785647864525666
0.033384873673573755
0.03644158416815621
0.03818030635872878
0.03818030635872879
0.0364415841681562
0.033384873673573755
0.030785642521742772
0.03484892976214614
0.03818028379928897
0.040085794420040045
0.040085794420040045
0.038180283799288964
0.03484892976214614
0.030785642521742772
0.03078564252174277
0.03484892976214614
0.03818028379928897
0.040085794420040045
0.040085794420040045
0.03818028379928897
0.03484892976214613
0.030785642521742772
0.033384873673573755
0.03644158416815621
0.03818030635872878
0.038180306358728794
0.03644158416815621
0.033384873673573755
0.030785647864525673
0.03338489691666439
0.0348489270464169
0.0348489270464169
0.033384896916664394
0.030785647864525666
0.030785662245050714
0.03078566224505071