-0.7688155851082936
-0.7688155851082935
-0.7688156638899599
-0.8300487821359348
-0.8642684700324044
-0.8642684700324043
-0.8300487821359349
-0.7688156638899599
-0.8300483839712266
-0.9012707218557778
-0.9413965832955266
-0.9413965832955266
-0.901270721855778
-0.8300483839712266
-0.7688149983984469
-0.8642682417849756
-0.9413960912795454
-0.985043607571234
-0.9850436075712339
-0.9413960912795453
-0.8642682417849756
-0.7688149983984469
-0.7688149983984469
-0.8642682417849757
-0.9413960912795453
-0.985043607571234
-0.9850436075712339
-0.9413960912795454
-0.8642682417849756
-0.768814998398447
-0.8300483839712266
-0.9012707218557778
-0.9413965832955266
-0.9413965832955266
-0.901270721855778
-0.8300483839712265
-0.7688156638899599
-0.8300487821359349
-0.8642684700324043
-0.8642684700324044
-0.8300487821359348
-0.7688156638899599
-0.7688155851082935
-0.7688155851082936
-0.6754987948830355
-0.7023493016629415
-0.7023493016629415
-0.6754987948830357
-0.6505362394980958
-0.7313046267130736
-0.7965661922934891
-0.8334978395290686
-0.8334978395290685
-0.7965661922934891
-0.7313046267130736
-0.6505362394980958
-0.731303970356591
-0.833498090922728
-0.9179402522134439
-0.9664604210530174
-0.9664604210530174
-0.9179402522134438
-0.833498090922728
-0.731303970356591
-0.6754976364774831
-0.7965656236147978
-0.9179403971338529
-1.020000704732917
-1.0793311488281476
-1.0793311488281474
-1.020000704732917
-0.9179403971338529
-0.7965656236147977
-0.675497636477483
-0.7023480757855981
-0.8334972618901542
-0.9664585258174822
-1.0793297270700968
-1.1453581496521983
-1.145358149652198
-1.0793297270700968
-0.9664585258174823
-0.8334972618901542
-0.7023480757855981
-0.7023480757855981
-0.8334972618901542
-0.9664585258174823
-1.0793297270700968
-1.145358149652198
-1.145358149652198
-1.0793297270700968
-0.9664585258174822
-0.8334972618901542
-0.7023480757855981
-0.675497636477483
-0.7965656236147977
-0.9179403971338529
-1.020000704732917
-1.0793311488281476
-1.0793311488281476
-1.020000704732917
-0.9179403971338529
-0.7965656236147977
-0.675497636477483
-0.731303970356591
-0.833498090922728
-0.9179402522134439
-0.9664604210530174
-0.9664604210530174
-0.9179402522134439
-0.833498090922728
-0.731303970356591
-0.6505362394980958
-0.7313046267130736
-0.7965661922934891
-0.8334978395290685
-0.8334978395290685
-0.7965661922934891
-0.7313046267130736
-0.6505362394980958
-0.6754987948830355
-0.7023493016629415
-0.7023493016629415
-0.6754987948830355
-0.5526817143105868
-0.5746513032521189
-0.5746513032521189
-0.5526817143105868
-0.5526809696992796
-0.6239575948693403
-0.6819539474955734
-0.7149300500104148
-0.7149300500104148
-0.6819539474955734
-0.6239575948693403
-0.5526809696992796
-0.552680428325813
-0.6517363628458602
-0.7510427970940761
-0.8345454332604041
-0.8830885503602633
-0.8830885503602632
-0.8345454332604041
-0.751042797094076
-0.6517363628458602
-0.552680428325813
-0.6239564384703109
-0.7510420413143871
-0.8830881319059977
-0.9974976358306866
-1.0652735330514909
-1.0652735330514909
-0.9974976358306867
-0.8830881319059976
-0.751042041314387
-0.6239564384703109
-0.5526799762034135
-0.6819522215298495
-0.8345444046558149
-0.9974955837820204
-1.1416163095366147
-1.227792478337431
-1.227792478337431
-1.1416163095366147
-0.9974955837820203
-0.8345444046558148
-0.6819522215298494
-0.5526799762034135
-0.5746483560982116
-0.7149282745518608
-0.8830871702901316
-1.0652707759099382
-1.2277897407450273
-1.3249233693725608
-1.324923369372561
-1.2277897407450276
-1.0652707759099385
-0.8830871702901315
-0.7149282745518608
-0.5746483560982116
-0.5746483560982116
-0.7149282745518608
-0.8830871702901316
-1.0652707759099385
-1.2277897407450276
-1.324923369372561
-1.324923369372561
-1.2277897407450273
-1.0652707759099382
-0.8830871702901315
-0.7149282745518608
-0.5746483560982116
-0.5526799762034135
-0.6819522215298494
-0.8345444046558149
-0.9974955837820203
-1.1416163095366147
-1.227792478337431
-1.227792478337431
-1.1416163095366147
-0.9974955837820204
-0.8345444046558149
-0.6819522215298494
-0.5526799762034135
-0.6239564384703109
-0.751042041314387
-0.8830881319059976
-0.9974976358306868
-1.0652735330514909
-1.0652735330514906
-0.9974976358306866
-0.8830881319059976
-0.7510420413143871
-0.6239564384703109
-0.552680428325813
-0.6517363628458603
-0.751042797094076
-0.8345454332604041
-0.8830885503602632
-0.8830885503602632
-0.8345454332604041
-0.751042797094076
-0.6517363628458603
-0.552680428325813
-0.5526809696992796
-0.6239575948693403
-0.6819539474955733
-0.7149300500104148
-0.7149300500104148
-0.6819539474955734
-0.6239575948693403
-0.5526809696992796
-0.5526817143105868
-0.5746513032521189
-0.5746513032521189
-0.5526817143105867
-0.41397804568670055
-0.4139780456867006
-0.41397775689574334
-0.46537545394810736
-0.5069073085593907
-0.53040971537871
-0.53040971537871
-0.5069073085593907
-0.4653754539481073
-0.41397775689574323
-0.4298623248715291
-0.5069063120773062
-0.5841452008237568
-0.6490921492538477
-0.6868479049295952
-0.6868479049295952
-0.6490921492538477
-0.5841452008237566
-0.5069063120773062
-0.4298623248715291
-0.4139771457876027
-0.5069059364614077
-0.615019108736608
-0.7288652128168774
-0.828544764967253
-0.8879243674485674
-0.8879243674485673
-0.8285447649672532
-0.7288652128168776
-0.6150191087366081
-0.5069059364614077
-0.41397714578760264
-0.46537486850107845
-0.5841438383193785
-0.7288640459081376
-0.8879229386988042
-1.0304992943251987
-1.1148219197911404
-1.1148219197911402
-1.0304992943251985
-0.8879229386988041
-0.7288640459081376
-0.5841438383193784
-0.46537486850107845
-0.5069053747749375
-0.6490894333571084
-0.8285428997479242
-1.030496397904693
-1.205877541953891
-1.2926347694754996
-1.2926347694754996
-1.205877541953891
-1.030496397904693
-0.828542899747924
-0.6490894333571084
-0.5069053747749374
-0.41397696746611007
-0.5304001212866052
-0.6868324906084154
-0.8879212158939116
-1.1148181767912948
-1.2926318941036665
-1.3104014046038859
-1.3104014046038859
-1.2926318941036665
-1.1148181767912946
-0.8879212158939116
-0.6868324906084153
-0.5304001212866051
-0.41397696746611
-0.41397696746611
-0.5304001212866052
-0.6868324906084154
-0.8879212158939116
-1.1148181767912946
-1.2926318941036665
-1.3104014046038857
-1.3104014046038859
-1.2926318941036665
-1.1148181767912946
-0.8879212158939116
-0.6868324906084153
-0.5304001212866052
-0.41397696746611
-0.5069053747749374
-0.6490894333571084
-0.8285428997479242
-1.030496397904693
-1.2058775419538907
-1.2926347694754994
-1.2926347694754996
-1.205877541953891
-1.030496397904693
-0.828542899747924
-0.6490894333571083
-0.5069053747749374
-0.46537486850107845
-0.5841438383193784
-0.7288640459081375
-0.8879229386988041
-1.0304992943251987
-1.1148219197911402
-1.1148219197911402
-1.0304992943251985
-0.8879229386988041
-0.7288640459081376
-0.5841438383193784
-0.4653748685010784
-0.4139771457876027
-0.5069059364614077
-0.6150191087366081
-0.7288652128168776
-0.828544764967253
-0.8879243674485673
-0.8879243674485673
-0.8285447649672532
-0.7288652128168776
-0.6150191087366081
-0.5069059364614077
-0.41397714578760264
-0.42986232487152914
-0.5069063120773062
-0.5841452008237566
-0.6490921492538477
-0.6868479049295952
-0.6868479049295952
-0.6490921492538477
-0.5841452008237566
-0.5069063120773062
-0.42986232487152903
-0.41397775689574334
-0.4653754539481073
-0.5069073085593907
-0.5304097153787101
-0.5304097153787101
-0.5069073085593907
-0.4653754539481073
-0.41397775689574323
-0.4139780456867006
-0.41397804568670055
-0.29569839309985124
-0.31924963867402145
-0.332411075566036
-0.332411075566036
-0.3192496386740214
-0.29569839309985124
-0.33241086843095974
-0.3788626844308589
-0.41724593318416303
-0.43929909952262297
-0.4392990995226229
-0.41724593318416303
-0.3788626844308589
-0.33241086843095974
-0.34664230031986276
-0.4172464300039842
-0.49060494010083505
-0.5541651476172013
-0.5918177911979122
-0.5918177911979122
-0.5541651476172011
-0.490604940100835
-0.4172464300039842
-0.34664230031986276
-0.33241063203363863
-0.4172464353477782
-0.5206169139446214
-0.6342305828339689
-0.7360700339429659
-0.7962998226270935
-0.7962998226270934
-0.7360700339429658
-0.6342305828339688
-0.5206169139446214
-0.4172464353477782
-0.33241063203363863
-0.295697889730967
-0.3788621085213255
-0.49060357206653193
-0.6342299201484363
-0.7962979482283061
-0.9233081775875769
-0.9359996623033995
-0.9359996623033996
-0.9233081775875769
-0.7962979482283061
-0.6342299201484362
-0.490603572066532
-0.37886210852132546
-0.29569788973096695
-0.31924887744682484
-0.41724498946042576
-0.5541626260512206
-0.7360668469884755
-0.9233074436540807
-0.9008929788285147
-0.8447899045420875
-0.8447899045420876
-0.9008929788285149
-0.9233074436540805
-0.7360668469884755
-0.5541626260512206
-0.41724498946042576
-0.31924887744682484
-0.3324103273942729
-0.43929824135840406
-0.5918155037397175
-0.7962969962484794
-0.9359977676941273
-0.8447942564659487
-0.7750981649079329
-0.7750981649079329
-0.8447942564659487
-0.9359977676941267
-0.7962969962484794
-0.5918155037397175
-0.439298241358404
-0.3324103273942729
-0.3324103273942729
-0.439298241358404
-0.5918155037397175
-0.7962969962484794
-0.9359977676941272
-0.8447942564659487
-0.7750981649079328
-0.7750981649079328
-0.8447942564659487
-0.9359977676941267
-0.7962969962484794
-0.5918155037397175
-0.439298241358404
-0.3324103273942729
-0.31924887744682484
-0.41724498946042576
-0.5541626260512207
-0.7360668469884755
-0.9233074436540806
-0.9008929788285147
-0.8447899045420876
-0.8447899045420877
-0.9008929788285149
-0.9233074436540806
-0.7360668469884755
-0.5541626260512206
-0.4172449894604257
-0.31924887744682484
-0.295697889730967
-0.3788621085213255
-0.49060357206653193
-0.6342299201484363
-0.7962979482283061
-0.9233081775875769
-0.9359996623033974
-0.9359996623033975
-0.9233081775875769
-0.7962979482283061
-0.6342299201484362
-0.490603572066532
-0.3788621085213254
-0.295697889730967
-0.33241063203363863
-0.41724643534777817
-0.5206169139446214
-0.6342305828339688
-0.7360700339429659
-0.7962998226270934
-0.7962998226270935
-0.7360700339429659
-0.6342305828339689
-0.5206169139446213
-0.41724643534777817
-0.33241063203363863
-0.3466423003198628
-0.4172464300039842
-0.490604940100835
-0.5541651476172013
-0.5918177911979123
-0.5918177911979123
-0.5541651476172013
-0.49060494010083505
-0.4172464300039842
-0.3466423003198628
-0.33241086843095974
-0.3788626844308589
-0.41724593318416303
-0.43929909952262297
-0.439299099522623
-0.41724593318416303
-0.3788626844308589
-0.3324108684309598
-0.2956983930998512
-0.31924963867402145
-0.332411075566036
-0.332411075566036
-0.3192496386740214
-0.2956983930998512
-0.19154907733662874
-0.20798472423571346
-0.2172445835681356
-0.2172445835681356
-0.20798472423571346
-0.1915490773366287
-0.18422625774712703
-0.21724465298094933
-0.2503469254841015
-0.2781811579013517
-0.2943616039745523
-0.29436160397455224
-0.2781811579013517
-0.2503469254841015
-0.21724465298094936
-0.18422625774712703
-0.18422629022013093
-0.22731685982177585
-0.2781809612268926
-0.33249761096953445
-0.38053700641694205
-0.40926185613963995
-0.40926185613964
-0.38053700641694205
-0.3324976109695345
-0.2781809612268927
-0.22731685982177588
-0.18422629022013093
-0.217244545053906
-0.2781811605813006
-0.35508904174259937
-0.4416396088957275
-0.5168069894759726
-0.5539827807936532
-0.5539827807936533
-0.5168069894759726
-0.4416396088957275
-0.35508904174259937
-0.2781811605813006
-0.217244545053906
-0.19154911402777214
-0.25034705473320074
-0.332497646434064
-0.4416395127974267
-0.5539834444193286
-0.5405347798964629
-0.5068753163122965
-0.5068753163122965
-0.5405347798964605
-0.5539834444193285
-0.4416395127974267
-0.332497646434064
-0.25034705473320074
-0.19154911402777217
-0.2079849329302345
-0.2781812082549201
-0.3805374923642909
-0.5168033707001255
-0.5405377832882318
-0.46505679031794467
-0.4170637903881508
-0.4170637903881507
-0.46505679031794434
-0.5405377832882334
-0.5168033707001255
-0.3805374923642909
-0.2781812082549201
-0.2079849329302345
-0.21724471026257453
-0.2943620915958345
-0.409262555510524
-0.5539838931025758
-0.5068794876967704
-0.41706385620773473
-0.3723165395151234
-0.37231653951512333
-0.41706385620773445
-0.5068794876967699
-0.5539838931025758
-0.409262555510524
-0.2943620915958345
-0.21724471026257453
-0.21724471026257453
-0.2943620915958345
-0.40926255551052404
-0.5539838931025758
-0.5068794876967688
-0.41706385620773473
-0.3723165395151234
-0.37231653951512345
-0.4170638562077348
-0.5068794876967684
-0.5539838931025758
-0.409262555510524
-0.2943620915958345
-0.21724471026257453
-0.2079849329302345
-0.2781812082549201
-0.3805374923642909
-0.5168033707001256
-0.5405377832882305
-0.4650567903179446
-0.41706379038815067
-0.4170637903881507
-0.4650567903179445
-0.5405377832882324
-0.5168033707001255
-0.3805374923642909
-0.27818120825492004
-0.20798493293023448
-0.1915491140277722
-0.25034705473320074
-0.332497646434064
-0.44163951279742664
-0.5539834444193286
-0.540534779896463
-0.5068753163122951
-0.5068753163122951
-0.5405347798964608
-0.5539834444193286
-0.44163951279742664
-0.33249764643406393
-0.25034705473320074
-0.19154911402777214
-0.21724454505390597
-0.2781811605813006
-0.35508904174259937
-0.4416396088957275
-0.5168069894759726
-0.5539827807936532
-0.553982780793653
-0.5168069894759725
-0.4416396088957275
-0.35508904174259937
-0.2781811605813006
-0.217244545053906
-0.18422629022013093
-0.22731685982177588
-0.2781809612268926
-0.33249761096953445
-0.380537006416942
-0.40926185613963995
-0.40926185613964
-0.380537006416942
-0.33249761096953445
-0.2781809612268927
-0.22731685982177588
-0.18422629022013093
-0.18422625774712703
-0.2172446529809493
-0.25034692548410153
-0.27818115790135167
-0.2943616039745523
-0.29436160397455224
-0.2781811579013517
-0.2503469254841015
-0.2172446529809493
-0.184226257747127
-0.19154907733662874
-0.20798472423571346
-0.21724458356813559
-0.2172445835681356
-0.20798472423571346
-0.19154907733662874
-0.05913934072779325
-0.06648196458371822
-0.07241485313234743
-0.0757723268644229
-0.07577232686442291
-0.07241485313234741
-0.0664819645837182
-0.059139340727793276
-0.0638496136865311
-0.07577227414173134
-0.08786011781850028
-0.09812043239621482
-0.10412299126011196
-0.10412299126011197
-0.09812043239621483
-0.08786011781850028
-0.07577227414173131
-0.06384961368653108
-0.06384960473891843
-0.07943613571394013
-0.09812032252763078
-0.11836283398444503
-0.13642053180227004
-0.14721316737642645
-0.14721316737642645
-0.13642053180226998
-0.11836283398444501
-0.0981203225276308
-0.07943613571394016
-0.06384960473891843
-0.059139361707640774
-0.07577210177981007
-0.09812027609341914
-0.12684557198803056
-0.15925902658398067
-0.18466069450482617
-0.1871992548322043
-0.18719925483220426
-0.1846606945048261
-0.1592590265839807
-0.1268455719880305
-0.09812027609341911
-0.07577210177981004
-0.059139361707640795
-0.06648180727825874
-0.08785928305349848
-0.11836295577157152
-0.15925916151354025
-0.1871979363014629
-0.16896164008137526
-0.15501919680861634
-0.15501919680861637
-0.16896164008137535
-0.18719793630146234
-0.15925916151354025
-0.1183629557715715
-0.08785928305349847
-0.06648180727825874
-0.07241463169039833
-0.0981203662179723
-0.13642064638127904
-0.18466080614684224
-0.16895778082022372
-0.13902071951198336
-0.1241050825003499
-0.1241050825003498
-0.13902071951198341
-0.16895778082022347
-0.18466080614684222
-0.13642064638127901
-0.0981203662179723
-0.07241463169039833
-0.07577208795392654
-0.10412299138817406
-0.14721271082857237
-0.18719948283962679
-0.1550188359427666
-0.12410576218435343
-0.11548322019271082
-0.11548322019271082
-0.12410576218435337
-0.15501883594276744
-0.187199482839622
-0.14721271082857235
-0.10412299138817405
-0.07577208795392654
-0.07577208795392655
-0.10412299138817405
-0.1472127108285724
-0.18719948283962884
-0.15501883594276678
-0.12410576218435349
-0.11548322019271087
-0.11548322019271082
-0.12410576218435349
-0.15501883594276744
-0.187199482839623
-0.1472127108285723
-0.10412299138817405
-0.07577208795392654
-0.07241463169039837
-0.0981203662179723
-0.136420646381279
-0.18466080614684224
-0.16895778082022306
-0.13902071951198328
-0.1241050825003499
-0.1241050825003499
-0.1390207195119833
-0.16895778082022309
-0.18466080614684222
-0.136420646381279
-0.0981203662179723
-0.07241463169039836
-0.06648180727825873
-0.08785928305349848
-0.11836295577157152
-0.1592591615135403
-0.1871979363014643
-0.16896164008137526
-0.15501919680861714
-0.15501919680861714
-0.16896164008137554
-0.18719793630146353
-0.15925916151354028
-0.1183629557715715
-0.08785928305349847
-0.06648180727825874
-0.059139361707640774
-0.07577210177981006
-0.09812027609341914
-0.1268455719880305
-0.1592590265839806
-0.1846606945048261
-0.18719925483220068
-0.1871992548322007
-0.18466069450482614
-0.1592590265839806
-0.12684557198803054
-0.09812027609341913
-0.07577210177981003
-0.05913936170764078
-0.06384960473891846
-0.07943613571394015
-0.09812032252763078
-0.11836283398444503
-0.13642053180227004
-0.14721316737642642
-0.14721316737642648
-0.13642053180227004
-0.11836283398444503
-0.09812032252763078
-0.07943613571394016
-0.06384960473891843
-0.06384961368653108
-0.07577227414173132
-0.08786011781850028
-0.09812043239621487
-0.10412299126011197
-0.10412299126011197
-0.09812043239621487
-0.0878601178185003
-0.07577227414173132
-0.06384961368653108
-0.05913934072779328
-0.06648196458371823
-0.07241485313234741
-0.0757723268644229
-0.0757723268644229
-0.07241485313234741
-0.06648196458371822
-0.059139340727793276
0.05913934072779327
0.06648196458371822
0.07241485313234743
0.07577232686442291
0.0757723268644229
0.07241485313234743
0.0664819645837182
0.05913934072779326
0.06384961368653108
0.07577227414173135
0.0878601178185003
0.09812043239621485
0.10412299126011197
0.10412299126011196
0.09812043239621487
0.08786011781850028
0.07577227414173134
0.06384961368653108
0.06384960473891844
0.07943613571394013
0.09812032252763078
0.118362833984445
0.13642053180226998
0.14721316737642645
0.1472131673764264
0.13642053180226998
0.11836283398444501
0.0981203225276308
0.07943613571394013
0.06384960473891844
0.05913936170764078
0.07577210177981006
0.09812027609341911
0.12684557198803054
0.15925902658398064
0.1846606945048261
0.18719925483220418
0.18719925483220423
0.18466069450482606
0.15925902658398067
0.12684557198803054
0.09812027609341913
0.07577210177981003
0.059139361707640795
0.06648180727825874
0.08785928305349847
0.11836295577157149
0.15925916151354022
0.187197936301464
0.16896164008137515
0.15501919680861642
0.1550191968086163
0.1689616400813752
0.18719793630146342
0.15925916151354022
0.11836295577157149
0.08785928305349845
0.06648180727825874
0.07241463169039833
0.0981203662179723
0.136420646381279
0.18466080614684224
0.1689577808202231
0.1390207195119833
0.12410508250034996
0.12410508250034996
0.13902071951198336
0.1689577808202229
0.18466080614684222
0.136420646381279
0.09812036621797228
0.07241463169039833
0.07577208795392654
0.10412299138817407
0.1472127108285724
0.18719948283962676
0.15501883594276644
0.12410576218435343
0.11548322019271073
0.11548322019271073
0.12410576218435343
0.15501883594276716
0.1871994828396235
0.1472127108285723
0.10412299138817405
0.07577208795392654
0.07577208795392654
0.10412299138817406
0.14721271082857235
0.187199482839629
0.15501883594276622
0.12410576218435332
0.11548322019271073
0.11548322019271084
0.12410576218435349
0.15501883594276694
0.18719948283962468
0.14721271082857235
0.10412299138817405
0.07577208795392656
0.07241463169039836
0.09812036621797228
0.136420646381279
0.18466080614684222
0.1689577808202229
0.13902071951198347
0.12410508250034996
0.1241050825003499
0.13902071951198341
0.16895778082022295
0.1846608061468422
0.136420646381279
0.09812036621797228
0.07241463169039833
0.06648180727825873
0.0878592830534985
0.11836295577157145
0.15925916151354022
0.18719793630146403
0.16896164008137504
0.1550191968086166
0.1550191968086166
0.16896164008137532
0.1871979363014639
0.15925916151354022
0.11836295577157148
0.08785928305349848
0.06648180727825873
0.05913936170764078
0.07577210177981007
0.09812027609341913
0.12684557198803048
0.15925902658398067
0.18466069450482614
0.18719925483220418
0.18719925483220412
0.18466069450482608
0.15925902658398067
0.1268455719880305
0.0981202760934191
0.07577210177981004
0.05913936170764078
0.06384960473891844
0.07943613571394013
0.0981203225276308
0.11836283398444494
0.13642053180227
0.14721316737642645
0.14721316737642648
0.13642053180226998
0.118362833984445
0.09812032252763081
0.07943613571394015
0.06384960473891843
0.06384961368653108
0.07577227414173134
0.08786011781850034
0.09812043239621482
0.10412299126011196
0.10412299126011197
0.09812043239621485
0.0878601178185003
0.07577227414173132
0.06384961368653107
0.059139340727793255
0.0664819645837182
0.07241485313234745
0.07577232686442292
0.0757723268644229
0.07241485313234743
0.0664819645837182
0.05913934072779327
0.19154907733662874
0.20798472423571343
0.21724458356813559
0.21724458356813564
0.20798472423571343
0.19154907733662874
0.18422625774712703
0.21724465298094933
0.25034692548410153
0.2781811579013517
0.2943616039745523
0.29436160397455224
0.2781811579013517
0.2503469254841015
0.21724465298094933
0.184226257747127
0.18422629022013093
0.22731685982177588
0.2781809612268927
0.3324976109695345
0.38053700641694205
0.4092618561396399
0.40926185613964
0.380537006416942
0.3324976109695345
0.2781809612268927
0.22731685982177588
0.18422629022013093
0.21724454505390595
0.2781811605813006
0.3550890417425993
0.4416396088957275
0.5168069894759726
0.553982780793653
0.553982780793653
0.5168069894759726
0.44163960889572756
0.3550890417425993
0.2781811605813006
0.21724454505390595
0.1915491140277722
0.25034705473320074
0.332497646434064
0.44163951279742664
0.5539834444193286
0.5405347798964628
0.5068753163122964
0.5068753163122965
0.540534779896463
0.5539834444193283
0.44163951279742664
0.332497646434064
0.25034705473320074
0.19154911402777217
0.2079849329302345
0.2781812082549201
0.38053749236429085
0.5168033707001254
0.5405377832882318
0.4650567903179446
0.41706379038815067
0.4170637903881506
0.46505679031794445
0.5405377832882341
0.5168033707001255
0.38053749236429085
0.27818120825492004
0.2079849329302345
0.21724471026257455
0.2943620915958345
0.40926255551052393
0.5539838931025759
0.5068794876967704
0.41706385620773456
0.3723165395151234
0.37231653951512333
0.41706385620773473
0.5068794876967693
0.5539838931025758
0.409262555510524
0.2943620915958345
0.21724471026257453
0.21724471026257458
0.2943620915958345
0.40926255551052393
0.5539838931025758
0.5068794876967702
0.4170638562077344
0.37231653951512345
0.3723165395151234
0.4170638562077346
0.5068794876967692
0.5539838931025758
0.40926255551052393
0.2943620915958345
0.21724471026257455
0.2079849329302345
0.2781812082549201
0.38053749236429096
0.5168033707001255
0.5405377832882301
0.46505679031794483
0.41706379038815056
0.4170637903881506
0.4650567903179445
0.5405377832882328
0.5168033707001255
0.3805374923642908
0.2781812082549201
0.20798493293023446
0.1915491140277722
0.25034705473320074
0.33249764643406393
0.44163951279742664
0.5539834444193283
0.540534779896463
0.506875316312295
0.506875316312295
0.5405347798964629
0.5539834444193285
0.44163951279742664
0.332497646434064
0.25034705473320074
0.19154911402777214
0.21724454505390597
0.2781811605813006
0.35508904174259937
0.4416396088957275
0.5168069894759725
0.553982780793653
0.553982780793653
0.5168069894759724
0.44163960889572745
0.35508904174259937
0.2781811605813006
0.21724454505390595
0.18422629022013093
0.22731685982177588
0.2781809612268927
0.3324976109695345
0.38053700641694205
0.40926185613964
0.40926185613963995
0.38053700641694205
0.33249761096953445
0.2781809612268927
0.22731685982177588
0.18422629022013093
0.18422625774712703
0.21724465298094933
0.25034692548410153
0.2781811579013517
0.29436160397455224
0.29436160397455224
0.2781811579013518
0.2503469254841015
0.21724465298094933
0.18422625774712703
0.19154907733662874
0.20798472423571346
0.21724458356813559
0.2172445835681356
0.20798472423571343
0.19154907733662874
0.29569839309985124
0.3192496386740214
0.332411075566036
0.332411075566036
0.3192496386740214
0.2956983930998512
0.33241086843095974
0.37886268443085885
0.41724593318416303
0.439299099522623
0.43929909952262297
0.41724593318416303
0.37886268443085885
0.33241086843095974
0.34664230031986276
0.41724643000398415
0.4906049401008351
0.5541651476172011
0.5918177911979122
0.5918177911979122
0.5541651476172013
0.490604940100835
0.4172464300039842
0.34664230031986276
0.33241063203363863
0.4172464353477782
0.5206169139446214
0.6342305828339689
0.7360700339429658
0.7962998226270934
0.7962998226270934
0.7360700339429658
0.6342305828339689
0.5206169139446214
0.41724643534777817
0.33241063203363863
0.295697889730967
0.3788621085213255
0.490603572066532
0.6342299201484363
0.7962979482283062
0.9233081775875769
0.9359996623033987
0.9359996623033987
0.9233081775875769
0.7962979482283062
0.6342299201484363
0.49060357206653193
0.3788621085213255
0.295697889730967
0.31924887744682484
0.41724498946042576
0.5541626260512207
0.7360668469884754
0.9233074436540807
0.9008929788285146
0.8447899045420875
0.8447899045420875
0.9008929788285149
0.9233074436540805
0.7360668469884754
0.5541626260512207
0.4172449894604257
0.31924887744682484
0.3324103273942729
0.43929824135840406
0.5918155037397176
0.7962969962484793
0.9359977676941283
0.8447942564659489
0.7750981649079328
0.7750981649079329
0.8447942564659489
0.9359977676941266
0.7962969962484793
0.5918155037397176
0.43929824135840406
0.3324103273942729
0.3324103273942729
0.43929824135840406
0.5918155037397176
0.7962969962484794
0.9359977676941281
0.8447942564659489
0.7750981649079328
0.7750981649079328
0.8447942564659487
0.9359977676941262
0.7962969962484793
0.5918155037397176
0.439298241358404
0.3324103273942729
0.3192488774468249
0.41724498946042576
0.5541626260512207
0.7360668469884755
0.9233074436540807
0.9008929788285147
0.8447899045420876
0.8447899045420877
0.9008929788285149
0.9233074436540806
0.7360668469884755
0.5541626260512206
0.4172449894604257
0.31924887744682484
0.295697889730967
0.3788621085213255
0.490603572066532
0.6342299201484363
0.7962979482283062
0.9233081775875769
0.9359996623033963
0.9359996623033962
0.9233081775875769
0.7962979482283062
0.6342299201484363
0.49060357206653193
0.37886210852132546
0.295697889730967
0.33241063203363863
0.4172464353477782
0.5206169139446214
0.6342305828339688
0.7360700339429658
0.7962998226270934
0.7962998226270934
0.7360700339429658
0.6342305828339688
0.5206169139446213
0.41724643534777817
0.33241063203363863
0.34664230031986276
0.41724643000398426
0.490604940100835
0.5541651476172013
0.5918177911979123
0.5918177911979123
0.5541651476172013
0.49060494010083505
0.41724643000398426
0.34664230031986276
0.33241086843095974
0.3788626844308589
0.41724593318416303
0.43929909952262297
0.43929909952262297
0.41724593318416303
0.3788626844308589
0.33241086843095974
0.2956983930998512
0.3192496386740214
0.33241107556603594
0.332411075566036
0.3192496386740214
0.29569839309985124
0.41397804568670055
0.41397804568670055
0.4139777568957433
0.4653754539481073
0.5069073085593907
0.5304097153787101
0.5304097153787101
0.5069073085593907
0.4653754539481073
0.4139777568957433
0.4298623248715291
0.5069063120773062
0.5841452008237566
0.6490921492538476
0.6868479049295952
0.6868479049295952
0.6490921492538477
0.5841452008237566
0.5069063120773061
0.42986232487152903
0.41397714578760264
0.5069059364614077
0.6150191087366081
0.7288652128168774
0.8285447649672532
0.8879243674485673
0.8879243674485673
0.828544764967253
0.7288652128168776
0.6150191087366081
0.5069059364614077
0.4139771457876027
0.46537486850107845
0.5841438383193784
0.7288640459081375
0.8879229386988041
1.0304992943251987
1.1148219197911402
1.1148219197911402
1.0304992943251987
0.8879229386988041
0.7288640459081375
0.5841438383193785
0.46537486850107845
0.5069053747749375
0.6490894333571083
0.8285428997479242
1.030496397904693
1.205877541953891
1.2926347694754994
1.2926347694754994
1.2058775419538907
1.030496397904693
0.828542899747924
0.6490894333571083
0.5069053747749374
0.41397696746611
0.5304001212866051
0.6868324906084154
0.8879212158939116
1.1148181767912948
1.2926318941036663
1.3104014046038868
1.3104014046038865
1.2926318941036663
1.1148181767912946
0.8879212158939116
0.6868324906084153
0.5304001212866051
0.41397696746611
0.41397696746611
0.5304001212866052
0.6868324906084154
0.8879212158939116
1.1148181767912946
1.2926318941036663
1.3104014046038865
1.3104014046038865
1.2926318941036663
1.1148181767912946
0.8879212158939116
0.6868324906084153
0.5304001212866051
0.41397696746611
0.5069053747749374
0.6490894333571084
0.828542899747924
1.030496397904693
1.205877541953891
1.2926347694754994
1.2926347694754994
1.2058775419538907
1.030496397904693
0.828542899747924
0.6490894333571083
0.5069053747749374
0.46537486850107845
0.5841438383193785
0.7288640459081375
0.8879229386988041
1.0304992943251985
1.1148219197911402
1.1148219197911402
1.0304992943251985
0.8879229386988041
0.7288640459081375
0.5841438383193784
0.4653748685010784
0.4139771457876027
0.5069059364614077
0.615019108736608
0.7288652128168774
0.8285447649672532
0.8879243674485673
0.8879243674485673
0.8285447649672532
0.7288652128168774
0.615019108736608
0.5069059364614077
0.4139771457876027
0.42986232487152903
0.5069063120773062
0.5841452008237566
0.6490921492538477
0.6868479049295952
0.6868479049295951
0.6490921492538477
0.5841452008237566
0.5069063120773062
0.4298623248715291
0.4139777568957433
0.4653754539481073
0.5069073085593907
0.5304097153787101
0.5304097153787101
0.5069073085593906
0.46537545394810736
0.4139777568957433
0.41397804568670055
0.4139780456867006
0.5526817143105867
0.574651303252119
0.5746513032521189
0.5526817143105868
0.5526809696992796
0.6239575948693403
0.6819539474955734
0.7149300500104148
0.7149300500104148
0.6819539474955733
0.6239575948693403
0.5526809696992796
0.5526804283258131
0.6517363628458603
0.751042797094076
0.8345454332604041
0.8830885503602632
0.8830885503602633
0.8345454332604041
0.751042797094076
0.6517363628458603
0.552680428325813
0.623956438470311
0.751042041314387
0.8830881319059976
0.9974976358306866
1.0652735330514909
1.0652735330514909
0.9974976358306866
0.8830881319059976
0.7510420413143871
0.623956438470311
0.5526799762034135
0.6819522215298495
0.8345444046558149
0.9974955837820203
1.1416163095366147
1.227792478337431
1.227792478337431
1.1416163095366147
0.9974955837820205
0.8345444046558148
0.6819522215298494
0.5526799762034135
0.5746483560982116
0.7149282745518608
0.8830871702901316
1.0652707759099385
1.2277897407450276
1.324923369372561
1.324923369372561
1.2277897407450273
1.0652707759099385
0.8830871702901316
0.7149282745518608
0.5746483560982116
0.5746483560982116
0.7149282745518608
0.8830871702901317
1.0652707759099385
1.2277897407450276
1.324923369372561
1.324923369372561
1.2277897407450276
1.0652707759099385
0.8830871702901316
0.7149282745518608
0.5746483560982116
0.5526799762034136
0.6819522215298495
0.8345444046558149
0.9974955837820203
1.1416163095366147
1.227792478337431
1.227792478337431
1.1416163095366145
0.9974955837820204
0.8345444046558148
0.6819522215298495
0.5526799762034135
0.623956438470311
0.7510420413143871
0.8830881319059977
0.9974976358306867
1.0652735330514909
1.0652735330514909
0.9974976358306866
0.8830881319059976
0.7510420413143871
0.6239564384703109
0.552680428325813
0.6517363628458603
0.751042797094076
0.8345454332604041
0.8830885503602633
0.8830885503602633
0.8345454332604041
0.751042797094076
0.6517363628458603
0.552680428325813
0.5526809696992796
0.6239575948693403
0.6819539474955734
0.7149300500104148
0.7149300500104148
0.6819539474955734
0.6239575948693403
0.5526809696992796
0.5526817143105868
0.5746513032521189
0.574651303252119
0.5526817143105867
0.6754987948830355
0.7023493016629415
0.7023493016629415
0.6754987948830355
0.6505362394980958
0.7313046267130736
0.7965661922934891
0.8334978395290686
0.8334978395290685
0.7965661922934891
0.7313046267130736
0.6505362394980958
0.731303970356591
0.8334980909227281
0.9179402522134439
0.9664604210530173
0.9664604210530174
0.9179402522134439
0.833498090922728
0.7313039703565909
0.675497636477483
0.7965656236147975
0.9179403971338529
1.020000704732917
1.0793311488281476
1.0793311488281476
1.020000704732917
0.9179403971338528
0.7965656236147977
0.675497636477483
0.7023480757855981
0.8334972618901542
0.966458525817482
1.0793297270700968
1.1453581496521983
1.145358149652198
1.0793297270700968
0.9664585258174823
0.8334972618901542
0.7023480757855981
0.7023480757855981
0.8334972618901543
0.9664585258174823
1.0793297270700968
1.145358149652198
1.1453581496521983
1.0793297270700968
0.9664585258174822
0.8334972618901542
0.7023480757855981
0.675497636477483
0.7965656236147977
0.9179403971338528
1.020000704732917
1.0793311488281476
1.0793311488281474
1.020000704732917
0.9179403971338529
0.7965656236147977
0.675497636477483
0.7313039703565909
0.8334980909227281
0.9179402522134438
0.9664604210530174
0.9664604210530174
0.9179402522134439
0.8334980909227281
0.731303970356591
0.6505362394980958
0.7313046267130736
0.7965661922934891
0.8334978395290684
0.8334978395290685
0.7965661922934891
0.7313046267130736
0.6505362394980958
0.6754987948830355
0.7023493016629415
0.7023493016629415
0.6754987948830355
0.7688155851082936
0.7688155851082936
0.7688156638899599
0.8300487821359348
0.8642684700324044
0.8642684700324044
0.8300487821359348
0.7688156638899599
0.8300483839712265
0.9012707218557778
0.9413965832955266
0.9413965832955266
0.9012707218557778
0.8300483839712266
0.7688149983984469
0.8642682417849756
0.9413960912795453
0.9850436075712339
0.9850436075712339
0.9413960912795453
0.8642682417849756
0.7688149983984469
0.7688149983984469
0.8642682417849756
0.9413960912795454
0.9850436075712339
0.9850436075712339
0.9413960912795454
0.8642682417849757
0.7688149983984469
0.8300483839712266
0.9012707218557778
0.9413965832955267
0.9413965832955267
0.901270721855778
0.8300483839712266
0.7688156638899599
0.8300487821359349
0.8642684700324044
0.8642684700324044
0.8300487821359348
0.7688156638899599
0.7688155851082936
0.7688155851082935