-0.9209701116352524
-0.9481863052263022
-0.9481863052263022
-0.9209701116352526
-0.9481861938376555
-1.0074825871631203
-1.0398507558199104
-1.0398507558199102
-1.0074825871631203
-0.9481861938376555
-0.920969329880614
-1.0074822186720045
-1.0742542269128823
-1.1108863847173793
-1.1108863847173793
-1.0742542269128823
-1.0074822186720045
-0.920969329880614
-0.9481856383661754
-1.0398503189680852
-1.110885795200235
-1.1499620474271304
-1.1499620474271304
-1.1108857952002351
-1.0398503189680852
-0.9481856383661753
-0.9481856383661753
-1.0398503189680852
-1.110885795200235
-1.1499620474271302
-1.1499620474271304
-1.110885795200235
-1.0398503189680852
-0.9481856383661754
-0.920969329880614
-1.0074822186720045
-1.0742542269128825
-1.1108863847173793
-1.1108863847173793
-1.0742542269128823
-1.0074822186720045
-0.920969329880614
-0.9481861938376555
-1.0074825871631203
-1.0398507558199102
-1.0398507558199102
-1.0074825871631203
-0.9481861938376555
-0.9209701116352524
-0.9481863052263021
-0.9481863052263022
-0.9209701116352524
-0.8217619978384141
-0.8731504730699695
-0.9012026927638128
-0.9012026927638128
-0.8731504730699696
-0.821761997838414
-0.8467140991961077
-0.931019734639353
-0.9966352450084734
-1.0328315325177895
-1.0328315325177895
-0.9966352450084733
-0.931019734639353
-0.8467140991961077
-0.8217611461244013
-0.931018983387857
-1.0328305234305326
-1.113202190090375
-1.1579593445685246
-1.1579593445685246
-1.113202190090375
-1.0328305234305328
-0.931018983387857
-0.8217611461244013
-0.8731495714076631
-0.9966341197582451
-1.1132013977769226
-1.2062194205844758
-1.2583890228588588
-1.2583890228588588
-1.2062194205844758
-1.1132013977769226
-0.9966341197582451
-0.8731495714076631
-0.9012018041265044
-1.032830333572834
-1.15795758997776
-1.2583880907805578
-1.3149303813591586
-1.3149303813591589
-1.2583880907805578
-1.15795758997776
-1.032830333572834
-0.9012018041265044
-0.9012018041265044
-1.0328303335728337
-1.15795758997776
-1.2583880907805578
-1.3149303813591586
-1.3149303813591586
-1.2583880907805578
-1.1579575899777603
-1.0328303335728337
-0.9012018041265044
-0.8731495714076631
-0.9966341197582451
-1.1132013977769226
-1.2062194205844758
-1.2583890228588588
-1.2583890228588588
-1.2062194205844758
-1.1132013977769226
-0.9966341197582451
-0.8731495714076631
-0.8217611461244013
-0.931018983387857
-1.0328305234305326
-1.113202190090375
-1.1579593445685248
-1.1579593445685246
-1.113202190090375
-1.0328305234305328
-0.9310189833878569
-0.8217611461244013
-0.8467140991961076
-0.931019734639353
-0.9966352450084734
-1.0328315325177897
-1.0328315325177895
-0.9966352450084733
-0.931019734639353
-0.8467140991961077
-0.8217619978384141
-0.8731504730699696
-0.9012026927638128
-0.9012026927638128
-0.8731504730699695
-0.8217619978384141
-0.7164514883611158
-0.762557169196442
-0.7877868105160416
-0.7877868105160416
-0.7625571691964421
-0.7164514883611158
-0.6753784501981817
-0.7625566334834232
-0.8433057993165388
-0.9067340551972869
-0.9419393322235559
-0.9419393322235559
-0.9067340551972869
-0.8433057993165388
-0.7625566334834233
-0.6753784501981819
-0.7625560451799341
-0.8739324595806415
-0.9798119735460944
-1.0647929686185986
-1.1126371242005875
-1.1126371242005875
-1.0647929686185986
-0.9798119735460944
-0.8739324595806416
-0.7625560451799341
-0.7164499347312542
-0.8433046373232185
-0.979811017821216
-1.1126351250731683
-1.2212925155448016
-1.2832163409282014
-1.2832163409282014
-1.2212925155448013
-1.112635125073168
-0.979811017821216
-0.8433046373232186
-0.7164499347312542
-0.7625556399815754
-0.9067329017968159
-1.0647904302224525
-1.221291056395495
-1.351072066242329
-1.4256246037095628
-1.4256246037095628
-1.3510720662423288
-1.2212910563954948
-1.0647904302224525
-0.9067329017968159
-0.7625556399815754
-0.787785071246944
-0.9419380701808931
-1.112633358760252
-1.2832128750525897
-1.425622704326536
-1.5077000082704966
-1.5077000082704966
-1.425622704326536
-1.2832128750525895
-1.112633358760252
-0.941938070180893
-0.7877850712469439
-0.787785071246944
-0.9419380701808931
-1.1126333587602517
-1.2832128750525895
-1.425622704326536
-1.5077000082704966
-1.5077000082704966
-1.425622704326536
-1.2832128750525895
-1.1126333587602517
-0.941938070180893
-0.787785071246944
-0.7625556399815755
-0.906732901796816
-1.0647904302224525
-1.221291056395495
-1.3510720662423288
-1.4256246037095628
-1.4256246037095628
-1.3510720662423288
-1.2212910563954948
-1.0647904302224525
-0.9067329017968159
-0.7625556399815754
-0.7164499347312541
-0.8433046373232186
-0.979811017821216
-1.112635125073168
-1.2212925155448016
-1.2832163409282014
-1.2832163409282014
-1.2212925155448013
-1.112635125073168
-0.979811017821216
-0.8433046373232186
-0.7164499347312541
-0.7625560451799341
-0.8739324595806416
-0.9798119735460945
-1.0647929686185984
-1.1126371242005875
-1.1126371242005875
-1.0647929686185986
-0.9798119735460946
-0.8739324595806415
-0.7625560451799341
-0.6753784501981818
-0.7625566334834233
-0.8433057993165389
-0.906734055197287
-0.9419393322235559
-0.9419393322235559
-0.9067340551972869
-0.8433057993165388
-0.7625566334834233
-0.6753784501981818
-0.7164514883611158
-0.7625571691964421
-0.7877868105160415
-0.7877868105160416
-0.7625571691964421
-0.7164514883611158
-0.5689129008435039
-0.6044900583626084
-0.6239110377280855
-0.6239110377280854
-0.6044900583626083
-0.568912900843504
-0.5525824722204201
-0.6239102690222813
-0.6899781325986255
-0.7418742965623358
-0.7706788068107073
-0.7706788068107073
-0.7418742965623359
-0.6899781325986256
-0.6239102690222813
-0.5525824722204201
-0.5525822462811477
-0.6445523160775154
-0.741873651701735
-0.8350752272169246
-0.9103375826966194
-0.9528785387773486
-0.9528785387773486
-0.9103375826966194
-0.8350752272169246
-0.7418736517017349
-0.6445523160775155
-0.5525822462811476
-0.6239094329355531
-0.7418730111101387
-0.8711920784718579
-0.9992393312336019
-1.1054259689222565
-1.1664222520651322
-1.1664222520651322
-1.1054259689222565
-0.9992393312336019
-0.8711920784718579
-0.7418730111101386
-0.6239094329355531
-0.5689118141985307
-0.6899768051008215
-0.8350739037112604
-0.9992383506025585
-1.1663813534383587
-1.3075924806107677
-1.3891157141750043
-1.3891157141750043
-1.3075924806107677
-1.166381353438359
-0.9992383506025584
-0.8350739037112604
-0.6899768051008215
-0.5689118141985307
-0.604488491678613
-0.7418720679058024
-0.9103359889183361
-1.1054224668790067
-1.3075895884647828
-1.4785176438804206
-1.5753567576784804
-1.5753567576784804
-1.4785176438804206
-1.3075895884647828
-1.1054224668790067
-0.9103359889183361
-0.7418720679058024
-0.604488491678613
-0.6239017406619347
-0.7706664101146866
-0.9528781307540142
-1.1664190993154804
-1.3891136252285528
-1.5753531238072647
-1.6769082078013482
-1.676908207801348
-1.5753531238072647
-1.3891136252285525
-1.1664190993154804
-0.9528781307540142
-0.7706664101146865
-0.6239017406619347
-0.6239017406619347
-0.7706664101146865
-0.9528781307540141
-1.1664190993154804
-1.3891136252285528
-1.5753531238072644
-1.676908207801348
-1.676908207801348
-1.5753531238072644
-1.3891136252285528
-1.1664190993154804
-0.9528781307540141
-0.7706664101146865
-0.6239017406619347
-0.604488491678613
-0.7418720679058024
-0.9103359889183361
-1.1054224668790067
-1.307589588464783
-1.4785176438804206
-1.5753567576784802
-1.5753567576784804
-1.4785176438804206
-1.3075895884647828
-1.1054224668790067
-0.910335988918336
-0.7418720679058024
-0.604488491678613
-0.5689118141985307
-0.6899768051008215
-0.8350739037112604
-0.9992383506025584
-1.166381353438359
-1.3075924806107677
-1.3891157141750043
-1.3891157141750043
-1.3075924806107677
-1.1663813534383587
-0.9992383506025584
-0.8350739037112604
-0.6899768051008215
-0.5689118141985307
-0.623909432935553
-0.7418730111101387
-0.8711920784718578
-0.9992393312336019
-1.1054259689222565
-1.1664222520651322
-1.1664222520651322
-1.1054259689222565
-0.9992393312336019
-0.8711920784718579
-0.7418730111101386
-0.623909432935553
-0.5525822462811477
-0.6445523160775154
-0.7418736517017348
-0.8350752272169246
-0.9103375826966194
-0.9528785387773485
-0.9528785387773484
-0.9103375826966194
-0.8350752272169246
-0.7418736517017349
-0.6445523160775155
-0.5525822462811476
-0.5525824722204201
-0.6239102690222813
-0.6899781325986255
-0.7418742965623359
-0.7706788068107073
-0.7706788068107073
-0.7418742965623358
-0.6899781325986255
-0.6239102690222813
-0.5525824722204201
-0.5689129008435039
-0.6044900583626084
-0.6239110377280855
-0.6239110377280855
-0.6044900583626084
-0.5689129008435039
-0.42978636474753795
-0.4424874366533653
-0.4424874366533653
-0.42978636474753795
-0.4559230217333014
-0.501319073704374
-0.5366500049225269
-0.5561403390071733
-0.5561403390071733
-0.5366500049225269
-0.501319073704374
-0.4559230217333014
-0.48526349901325283
-0.5561394429421497
-0.6235173114320103
-0.6775953645667065
-0.7080415468081795
-0.7080415468081797
-0.6775953645667065
-0.6235173114320103
-0.5561394429421496
-0.4852634990132529
-0.48526330202583756
-0.5770126757946057
-0.6775933488300643
-0.7771857524216235
-0.8597742610381587
-0.9072165791508267
-0.9072165791508265
-0.8597742610381588
-0.7771857524216235
-0.6775933488300643
-0.5770126757946057
-0.48526330202583745
-0.4559224313812198
-0.5561388916708954
-0.677593476910592
-0.8165902181712263
-0.9594451190249647
-1.080425147867741
-1.1499617743052035
-1.1499617743052035
-1.080425147867741
-0.9594451190249647
-0.8165902181712263
-0.677593476910592
-0.5561388916708953
-0.4559224313812198
-0.501318302959582
-0.6235151329476196
-0.777184356636924
-0.9594496490155668
-1.149958831354862
-1.3042644861679336
-1.3789856297367544
-1.3789856297367542
-1.3042644861679336
-1.149958831354862
-0.9594496490155668
-0.777184356636924
-0.6235151329476196
-0.501318302959582
-0.4297860475662927
-0.5366489331765409
-0.6775933078163041
-0.8597722365065846
-1.0804229553113867
-1.3042626043617447
-1.410890098849561
-1.3994665068975631
-1.399466506897563
-1.410890098849562
-1.3042626043617447
-1.0804229553113867
-0.8597722365065846
-0.6775933078163041
-0.5366489331765409
-0.42978604756629274
-0.4424863482280193
-0.5561387681698712
-0.7080392588246154
-0.9072135688645546
-1.1499582320091544
-1.3789834924901323
-1.3994667653374595
-1.3641439071838888
-1.364143907183889
-1.3994667653374597
-1.3789834924901323
-1.1499582320091544
-0.9072135688645546
-0.7080392588246154
-0.5561387681698712
-0.4424863482280193
-0.44248634822801935
-0.5561387681698712
-0.7080392588246154
-0.9072135688645544
-1.1499582320091541
-1.3789834924901323
-1.3994667653374593
-1.364143907183889
-1.364143907183889
-1.3994667653374595
-1.3789834924901323
-1.1499582320091541
-0.9072135688645545
-0.7080392588246154
-0.5561387681698712
-0.4424863482280193
-0.4297860475662927
-0.5366489331765409
-0.6775933078163042
-0.8597722365065846
-1.0804229553113867
-1.3042626043617447
-1.410890098849561
-1.3994665068975631
-1.3994665068975631
-1.4108900988495618
-1.3042626043617447
-1.0804229553113867
-0.8597722365065846
-0.6775933078163042
-0.5366489331765409
-0.4297860475662927
-0.501318302959582
-0.6235151329476196
-0.777184356636924
-0.9594496490155668
-1.1499588313548623
-1.3042644861679336
-1.3789856297367544
-1.3789856297367544
-1.3042644861679336
-1.1499588313548623
-0.9594496490155668
-0.777184356636924
-0.6235151329476196
-0.501318302959582
-0.4559224313812198
-0.5561388916708954
-0.6775934769105919
-0.8165902181712263
-0.9594451190249647
-1.0804251478677411
-1.1499617743052035
-1.1499617743052035
-1.080425147867741
-0.9594451190249647
-0.8165902181712263
-0.6775934769105919
-0.5561388916708954
-0.4559224313812198
-0.48526330202583756
-0.5770126757946057
-0.6775933488300643
-0.7771857524216234
-0.8597742610381587
-0.9072165791508267
-0.9072165791508265
-0.8597742610381588
-0.7771857524216234
-0.6775933488300643
-0.5770126757946057
-0.4852633020258375
-0.4852634990132529
-0.5561394429421496
-0.6235173114320103
-0.6775953645667065
-0.7080415468081797
-0.7080415468081797
-0.6775953645667065
-0.6235173114320103
-0.5561394429421496
-0.48526349901325283
-0.45592302173330146
-0.501319073704374
-0.5366500049225269
-0.5561403390071733
-0.5561403390071733
-0.5366500049225269
-0.501319073704374
-0.4559230217333014
-0.42978636474753795
-0.4424874366533653
-0.4424874366533653
-0.42978636474753795
-0.31606199355260367
-0.3358269465320338
-0.3466162325745836
-0.3466162325745836
-0.3358269465320338
-0.31606199355260367
-0.3160617700784738
-0.3580840898493135
-0.39724163305659843
-0.42815377896442725
-0.4453680819813352
-0.4453680819813352
-0.42815377896442725
-0.39724163305659843
-0.35808408984931356
-0.3160617700784738
-0.32565885636954117
-0.3833200184251929
-0.4453675869277169
-0.5057426564926137
-0.555132538446978
-0.5832796416919249
-0.5832796416919249
-0.555132538446978
-0.5057426564926137
-0.44536758692771683
-0.3833200184251929
-0.32565885636954117
-0.31606161796735016
-0.3833200651776969
-0.46392939581165016
-0.5551317380835479
-0.6480105388153243
-0.7264385459290114
-0.7717295292042292
-0.7717295292042293
-0.7264385459290112
-0.6480105388153243
-0.5551317380835479
-0.46392939581165016
-0.38332006517769684
-0.31606161796735016
-0.35808374322870756
-0.44536756441295544
-0.5551315310622269
-0.6853172319397588
-0.8213975545385971
-0.931616253835313
-0.9849863752329509
-0.9849863752329505
-0.931616253835313
-0.821397554538597
-0.6853172319397588
-0.5551315310622269
-0.44536756441295544
-0.3580837432287075
-0.3160616757772924
-0.3972412115202152
-0.5057418917226264
-0.6480097685163184
-0.8213966071848399
-0.9849872926974846
-0.9996214539045865
-0.9743915187017889
-0.9743915187017889
-0.9996214539045865
-0.9849872926974845
-0.82139660718484
-0.6480097685163184
-0.5057418917226264
-0.3972412115202152
-0.3160616757772924
-0.3358269064937574
-0.4281541063359027
-0.5551309697067989
-0.7264369832737871
-0.9316177860681438
-0.9996253802879334
-0.9350381567266697
-0.8819867497822691
-0.8819867497822691
-0.9350381567266696
-0.9996253802879331
-0.9316177860681438
-0.7264369832737873
-0.555130969706799
-0.4281541063359027
-0.33582690649375735
-0.34661586267165856
-0.4453673284934271
-0.5832776552056553
-0.7717282149420529
-0.9849864921646869
-0.9743875494903564
-0.8819882326431314
-0.8138651433815003
-0.8138651433815003
-0.8819882326431314
-0.9743875494903567
-0.9849864921646868
-0.771728214942053
-0.5832776552056553
-0.4453673284934271
-0.34661586267165856
-0.34661586267165856
-0.4453673284934271
-0.5832776552056553
-0.7717282149420528
-0.9849864921646869
-0.9743875494903571
-0.8819882326431314
-0.8138651433815003
-0.8138651433815003
-0.8819882326431314
-0.9743875494903576
-0.9849864921646869
-0.7717282149420529
-0.5832776552056552
-0.4453673284934271
-0.34661586267165856
-0.33582690649375735
-0.4281541063359027
-0.555130969706799
-0.7264369832737873
-0.9316177860681438
-0.9996253802879331
-0.9350381567266699
-0.8819867497822693
-0.8819867497822693
-0.9350381567266699
-0.9996253802879334
-0.9316177860681438
-0.7264369832737871
-0.5551309697067989
-0.4281541063359026
-0.3358269064937574
-0.3160616757772924
-0.3972412115202152
-0.5057418917226263
-0.6480097685163183
-0.82139660718484
-0.9849872926974845
-0.9996214539045865
-0.9743915187017889
-0.9743915187017889
-0.9996214539045863
-0.9849872926974845
-0.8213966071848399
-0.6480097685163183
-0.5057418917226263
-0.3972412115202152
-0.3160616757772924
-0.35808374322870756
-0.44536756441295544
-0.5551315310622269
-0.6853172319397589
-0.821397554538597
-0.931616253835313
-0.9849863752329509
-0.9849863752329507
-0.931616253835313
-0.8213975545385971
-0.6853172319397589
-0.5551315310622269
-0.44536756441295544
-0.3580837432287075
-0.31606161796735016
-0.38332006517769684
-0.46392939581165016
-0.5551317380835479
-0.6480105388153244
-0.7264385459290114
-0.7717295292042293
-0.7717295292042294
-0.7264385459290114
-0.6480105388153244
-0.5551317380835479
-0.4639293958116501
-0.38332006517769684
-0.31606161796735016
-0.3256588563695412
-0.3833200184251929
-0.44536758692771694
-0.5057426564926139
-0.555132538446978
-0.5832796416919249
-0.5832796416919248
-0.5551325384469781
-0.5057426564926139
-0.4453675869277169
-0.3833200184251929
-0.32565885636954117
-0.3160617700784738
-0.35808408984931356
-0.3972416330565985
-0.4281537789644272
-0.44536808198133526
-0.4453680819813352
-0.42815377896442725
-0.39724163305659843
-0.35808408984931356
-0.3160617700784738
-0.31606199355260367
-0.3358269465320338
-0.3466162325745836
-0.3466162325745836
-0.3358269465320338
-0.3160619935526037
-0.18419342648719988
-0.20149555957845872
-0.21484999551599412
-0.2221764180913551
-0.22217641809135513
-0.21484999551599415
-0.2014955595784587
-0.18419342648719983
-0.20149559088192182
-0.22999149717708733
-0.25689174338609794
-0.27835725223400865
-0.2903966299588293
-0.2903966299588293
-0.27835725223400865
-0.256891743386098
-0.22999149717708733
-0.20149559088192182
-0.20796924794305738
-0.24729049603648678
-0.29039650415447404
-0.3330779892075839
-0.3684727919801348
-0.38880497308570044
-0.3888049730857004
-0.36847279198013466
-0.33307798920758386
-0.2903965041544741
-0.24729049603648678
-0.20796924794305738
-0.20149566701334673
-0.24729064354072655
-0.3034446607419443
-0.3684728824783743
-0.4358620252607731
-0.49283802279262484
-0.5251140930984092
-0.5251140930984092
-0.4928380227926249
-0.4358620252607731
-0.3684728824783743
-0.3034446607419443
-0.24729064354072655
-0.2014956670133467
-0.18419355310938743
-0.22999161208536079
-0.29039683701225294
-0.3684730815658397
-0.46303651611833674
-0.5589676446979449
-0.604663258313892
-0.5997675757614808
-0.5997675757614808
-0.6046632583138927
-0.558967644697945
-0.46303651611833674
-0.3684730815658397
-0.2903968370122529
-0.22999161208536079
-0.1841935531093874
-0.20149577240449684
-0.2568919479511079
-0.3330785617913201
-0.43586190206866116
-0.5589683360127418
-0.5997735540854029
-0.5610144210233043
-0.5291882400155643
-0.5291882400155642
-0.5610144210233042
-0.599773554085403
-0.5589683360127418
-0.4358619020686612
-0.33307856179132
-0.2568919479511078
-0.20149577240449684
-0.21485015913710814
-0.27835771648084695
-0.3684732436560998
-0.4928381909482874
-0.6046662159682271
-0.5610153020221937
-0.4883233488964207
-0.4379430379034034
-0.43794303790340344
-0.4883233488964207
-0.5610153020221937
-0.6046662159682274
-0.4928381909482875
-0.3684732436560998
-0.278357716480847
-0.21485015913710812
-0.22217662181743614
-0.29039675975969625
-0.3888055589001056
-0.5251173839681199
-0.5997761776949628
-0.529190339351125
-0.43794077600313475
-0.40349485685682923
-0.4034948568568291
-0.43794077600313475
-0.5291903393511252
-0.5997761776949614
-0.52511738396812
-0.38880555890010554
-0.29039675975969625
-0.22217662181743614
-0.22217662181743614
-0.2903967597596962
-0.3888055589001056
-0.5251173839681199
-0.5997761776949619
-0.529190339351125
-0.43794077600313475
-0.40349485685682906
-0.40349485685682923
-0.4379407760031348
-0.5291903393511252
-0.599776177694962
-0.5251173839681199
-0.3888055589001056
-0.2903967597596962
-0.22217662181743614
-0.21485015913710812
-0.27835771648084695
-0.36847324365609974
-0.4928381909482874
-0.6046662159682269
-0.5610153020221932
-0.48832334889642065
-0.4379430379034035
-0.43794303790340333
-0.4883233488964207
-0.5610153020221933
-0.6046662159682274
-0.4928381909482874
-0.3684732436560998
-0.27835771648084695
-0.21485015913710812
-0.20149577240449684
-0.25689194795110787
-0.33307856179132006
-0.43586190206866127
-0.5589683360127418
-0.5997735540854032
-0.5610144210233043
-0.5291882400155642
-0.5291882400155642
-0.5610144210233043
-0.5997735540854037
-0.5589683360127418
-0.4358619020686612
-0.3330785617913201
-0.25689194795110787
-0.20149577240449684
-0.18419355310938745
-0.22999161208536079
-0.29039683701225283
-0.3684730815658397
-0.4630365161183368
-0.558967644697945
-0.6046632583138918
-0.5997675757614809
-0.5997675757614809
-0.6046632583138922
-0.5589676446979449
-0.46303651611833674
-0.3684730815658397
-0.29039683701225283
-0.22999161208536079
-0.1841935531093874
-0.2014956670133467
-0.24729064354072655
-0.30344466074194437
-0.3684728824783743
-0.4358620252607731
-0.4928380227926249
-0.5251140930984091
-0.5251140930984092
-0.4928380227926249
-0.4358620252607731
-0.36847288247837423
-0.30344466074194437
-0.24729064354072652
-0.2014956670133467
-0.20796924794305738
-0.24729049603648678
-0.2903965041544741
-0.33307798920758386
-0.3684727919801347
-0.3888049730857004
-0.3888049730857004
-0.3684727919801347
-0.3330779892075839
-0.29039650415447404
-0.2472904960364868
-0.20796924794305738
-0.20149559088192187
-0.22999149717708728
-0.25689174338609794
-0.27835725223400865
-0.2903966299588293
-0.2903966299588293
-0.27835725223400865
-0.25689174338609794
-0.22999149717708733
-0.20149559088192187
-0.18419342648719986
-0.20149555957845872
-0.21484999551599415
-0.2221764180913551
-0.2221764180913551
-0.21484999551599415
-0.20149555957845872
-0.18419342648719988
-0.06321224795040051
-0.06932311183941822
-0.07405916884536241
-0.07666394766749085
-0.07666394766749082
-0.07405916884536241
-0.06932311183941821
-0.06321224795040052
-0.06932302453820585
-0.07944811794314413
-0.0890733925509249
-0.09679882158908021
-0.10114825483891192
-0.10114825483891193
-0.09679882158908025
-0.08907339255092486
-0.0794481179431441
-0.06932302453820584
-0.07161663599256197
-0.08563051962977222
-0.10114802669502586
-0.11665522177471005
-0.12960056030034958
-0.13706318337585885
-0.13706318337585885
-0.1296005603003496
-0.11665522177471005
-0.10114802669502589
-0.08563051962977222
-0.07161663599256199
-0.06932305457445204
-0.08563040518636911
-0.1058747441459825
-0.12960161481850008
-0.15434544983150017
-0.1750386263442161
-0.18632259172615795
-0.18632259172615798
-0.1750386263442161
-0.15434544983150014
-0.1296016148185001
-0.10587474414598248
-0.08563040518636914
-0.06932305457445205
-0.06321220627377312
-0.07944804746589434
-0.10114801407780472
-0.12960176419722413
-0.16427933739840178
-0.19699660638115435
-0.19992558965412033
-0.19487735677052376
-0.19487735677052373
-0.19992558965411988
-0.1969966063811544
-0.1642793373984018
-0.12960176419722405
-0.1011480140778047
-0.07944804746589434
-0.06321220627377314
-0.06932297599171508
-0.0890731781746813
-0.11665528106685032
-0.1543455859562595
-0.19699643323753116
-0.19487666783375127
-0.17639658549384749
-0.16277190333482236
-0.1627719033348224
-0.17639658549384757
-0.19487666783374835
-0.19699643323753113
-0.15434558595625958
-0.11665528106685029
-0.08907317817468133
-0.06932297599171511
-0.07405860718836445
-0.0967986837050508
-0.12958902726829966
-0.1750386079548656
-0.1999234132616864
-0.17639710855522348
-0.1459813357656607
-0.13449794699415207
-0.13449794699415196
-0.14598133576566064
-0.17639710855522356
-0.19992341326168533
-0.17503860795486556
-0.12958902726829968
-0.0967986837050508
-0.07405860718836443
-0.07666363090139279
-0.10114810665958741
-0.13706281468778603
-0.18632219924264207
-0.19487718273577104
-0.16277365986356956
-0.13449853143328416
-0.12696961907219484
-0.1269696190721949
-0.1344985314332841
-0.16277365986356937
-0.19487718273577048
-0.1863221992426421
-0.13706281468778603
-0.10114810665958741
-0.07666363090139278
-0.07666363090139279
-0.10114810665958743
-0.13706281468778606
-0.1863221992426421
-0.19487718273577195
-0.16277365986356954
-0.1344985314332841
-0.12696961907219495
-0.126969619072195
-0.13449853143328416
-0.1627736598635696
-0.19487718273577143
-0.1863221992426421
-0.13706281468778608
-0.10114810665958743
-0.07666363090139276
-0.07405860718836445
-0.09679868370505082
-0.12958902726829968
-0.1750386079548656
-0.19992341326168742
-0.1763971085552235
-0.1459813357656607
-0.1344979469941519
-0.13449794699415207
-0.14598133576566058
-0.1763971085552238
-0.1999234132616864
-0.17503860795486553
-0.12958902726829968
-0.09679868370505083
-0.07405860718836443
-0.06932297599171508
-0.08907317817468134
-0.11665528106685027
-0.15434558595625952
-0.19699643323753108
-0.19487666783375082
-0.17639658549384765
-0.16277190333482264
-0.1627719033348227
-0.17639658549384754
-0.1948766678337477
-0.19699643323753113
-0.15434558595625952
-0.11665528106685029
-0.08907317817468134
-0.0693229759917151
-0.06321220627377311
-0.07944804746589434
-0.10114801407780469
-0.12960176419722408
-0.16427933739840178
-0.19699660638115432
-0.1999255896541212
-0.1948773567705245
-0.19487735677052453
-0.19992558965412116
-0.19699660638115438
-0.1642793373984018
-0.12960176419722408
-0.10114801407780474
-0.07944804746589434
-0.06321220627377312
-0.06932305457445204
-0.08563040518636914
-0.1058747441459825
-0.12960161481850008
-0.15434544983150017
-0.17503862634421613
-0.18632259172615798
-0.1863225917261579
-0.17503862634421608
-0.1543454498315002
-0.12960161481850008
-0.10587474414598246
-0.08563040518636911
-0.06932305457445204
-0.07161663599256199
-0.08563051962977224
-0.10114802669502587
-0.11665522177471005
-0.1296005603003496
-0.13706318337585882
-0.1370631833758588
-0.1296005603003496
-0.11665522177471004
-0.10114802669502587
-0.08563051962977224
-0.07161663599256197
-0.06932302453820585
-0.07944811794314413
-0.08907339255092489
-0.09679882158908022
-0.10114825483891192
-0.10114825483891195
-0.09679882158908022
-0.08907339255092489
-0.07944811794314413
-0.06932302453820584
-0.06321224795040051
-0.06932311183941822
-0.0740591688453624
-0.07666394766749085
-0.07666394766749085
-0.07405916884536239
-0.0693231118394182
-0.0632122479504005
0.06321224795040052
0.06932311183941818
0.07405916884536243
0.07666394766749084
0.07666394766749085
0.0740591688453624
0.06932311183941818
0.0632122479504005
0.06932302453820585
0.07944811794314413
0.0890733925509249
0.09679882158908024
0.10114825483891196
0.10114825483891195
0.09679882158908022
0.08907339255092489
0.07944811794314413
0.06932302453820584
0.071616635992562
0.08563051962977224
0.10114802669502589
0.11665522177471005
0.12960056030034964
0.13706318337585885
0.13706318337585888
0.12960056030034958
0.11665522177471004
0.10114802669502587
0.08563051962977224
0.07161663599256196
0.06932305457445204
0.08563040518636911
0.1058747441459825
0.12960161481850013
0.15434544983150017
0.17503862634421616
0.18632259172615795
0.18632259172615798
0.1750386263442161
0.15434544983150017
0.12960161481850013
0.10587474414598248
0.08563040518636911
0.06932305457445204
0.06321220627377312
0.07944804746589436
0.10114801407780472
0.12960176419722413
0.16427933739840178
0.19699660638115443
0.19992558965412022
0.19487735677052415
0.1948773567705241
0.19992558965411977
0.1969966063811544
0.16427933739840178
0.12960176419722413
0.10114801407780472
0.07944804746589434
0.06321220627377311
0.0693229759917151
0.08907317817468133
0.11665528106685033
0.15434558595625958
0.19699643323753116
0.1948766678337518
0.1763965854938473
0.1627719033348225
0.16277190333482255
0.1763965854938473
0.1948766678337488
0.1969964332375312
0.15434558595625958
0.11665528106685027
0.08907317817468131
0.0693229759917151
0.07405860718836446
0.09679868370505082
0.12958902726829966
0.17503860795486562
0.1999234132616864
0.1763971085552234
0.1459813357656608
0.13449794699415196
0.13449794699415202
0.14598133576566064
0.1763971085552235
0.19992341326168522
0.17503860795486562
0.12958902726829968
0.09679868370505082
0.07405860718836442
0.07666363090139278
0.1011481066595874
0.13706281468778603
0.1863221992426421
0.19487718273577143
0.16277365986356973
0.1344985314332841
0.12696961907219484
0.12696961907219484
0.13449853143328416
0.16277365986356973
0.19487718273577126
0.1863221992426421
0.137062814687786
0.10114810665958741
0.07666363090139278
0.07666363090139283
0.1011481066595874
0.13706281468778608
0.18632219924264207
0.19487718273577226
0.16277365986356968
0.13449853143328416
0.12696961907219495
0.12696961907219478
0.13449853143328416
0.16277365986356968
0.19487718273577181
0.1863221992426421
0.137062814687786
0.10114810665958739
0.07666363090139278
0.07405860718836443
0.09679868370505082
0.12958902726829968
0.1750386079548656
0.19992341326168767
0.17639710855522356
0.14598133576566075
0.13449794699415202
0.13449794699415196
0.14598133576566064
0.17639710855522378
0.1999234132616865
0.1750386079548656
0.12958902726829968
0.09679868370505082
0.07405860718836443
0.06932297599171507
0.08907317817468133
0.1166552810668503
0.15434558595625955
0.19699643323753113
0.19487666783375135
0.1763965854938474
0.16277190333482272
0.16277190333482272
0.1763965854938474
0.19487666783374824
0.19699643323753113
0.15434558595625952
0.1166552810668503
0.0890731781746813
0.06932297599171508
0.06321220627377312
0.07944804746589434
0.10114801407780469
0.1296017641972241
0.16427933739840178
0.19699660638115438
0.19992558965412105
0.19487735677052476
0.19487735677052487
0.1999255896541211
0.19699660638115443
0.16427933739840178
0.12960176419722408
0.10114801407780473
0.07944804746589436
0.06321220627377312
0.06932305457445204
0.08563040518636915
0.10587474414598246
0.12960161481850013
0.15434544983150023
0.17503862634421619
0.186322591726158
0.186322591726158
0.17503862634421619
0.15434544983150017
0.1296016148185001
0.1058747441459825
0.08563040518636915
0.06932305457445204
0.07161663599256199
0.08563051962977224
0.1011480266950259
0.11665522177471005
0.1296005603003496
0.13706318337585882
0.13706318337585882
0.1296005603003496
0.11665522177471005
0.10114802669502586
0.08563051962977222
0.07161663599256199
0.06932302453820588
0.07944811794314413
0.08907339255092489
0.09679882158908022
0.10114825483891196
0.1011482548389119
0.09679882158908024
0.08907339255092489
0.07944811794314413
0.06932302453820584
0.06321224795040051
0.06932311183941821
0.0740591688453624
0.07666394766749085
0.07666394766749084
0.0740591688453624
0.0693231118394182
0.06321224795040051
0.18419342648719988
0.20149555957845866
0.21484999551599418
0.22217641809135513
0.2221764180913551
0.21484999551599415
0.20149555957845866
0.18419342648719986
0.20149559088192184
0.2299914971770873
0.256891743386098
0.27835725223400865
0.2903966299588293
0.2903966299588293
0.27835725223400865
0.25689174338609794
0.22999149717708733
0.20149559088192184
0.2079692479430574
0.24729049603648678
0.2903965041544741
0.3330779892075839
0.3684727919801347
0.3888049730857004
0.3888049730857004
0.3684727919801347
0.33307798920758386
0.2903965041544741
0.2472904960364868
0.20796924794305738
0.2014956670133467
0.24729064354072658
0.30344466074194437
0.36847288247837423
0.4358620252607731
0.49283802279262495
0.5251140930984091
0.5251140930984092
0.4928380227926249
0.4358620252607731
0.36847288247837423
0.30344466074194437
0.24729064354072655
0.20149566701334673
0.18419355310938745
0.22999161208536076
0.2903968370122529
0.3684730815658397
0.46303651611833674
0.5589676446979448
0.6046632583138922
0.5997675757614809
0.599767575761481
0.6046632583138929
0.5589676446979448
0.46303651611833674
0.3684730815658397
0.29039683701225283
0.22999161208536079
0.18419355310938743
0.20149577240449687
0.25689194795110787
0.3330785617913201
0.43586190206866127
0.5589683360127417
0.5997735540854031
0.5610144210233045
0.5291882400155643
0.5291882400155641
0.5610144210233045
0.5997735540854033
0.5589683360127417
0.4358619020686612
0.3330785617913201
0.25689194795110787
0.20149577240449687
0.21485015913710812
0.27835771648084695
0.3684732436560998
0.49283819094828746
0.6046662159682272
0.561015302022194
0.48832334889642065
0.4379430379034034
0.43794303790340344
0.4883233488964206
0.561015302022194
0.6046662159682277
0.49283819094828746
0.3684732436560998
0.27835771648084695
0.2148501591371081
0.2221766218174361
0.29039675975969625
0.38880555890010554
0.5251173839681199
0.5997761776949628
0.529190339351125
0.43794077600313475
0.4034948568568292
0.4034948568568293
0.43794077600313486
0.5291903393511254
0.5997761776949616
0.52511738396812
0.38880555890010554
0.29039675975969614
0.22217662181743614
0.22217662181743617
0.2903967597596962
0.38880555890010565
0.52511738396812
0.5997761776949618
0.529190339351125
0.43794077600313475
0.40349485685682906
0.4034948568568293
0.43794077600313475
0.5291903393511252
0.5997761776949622
0.5251173839681199
0.38880555890010565
0.29039675975969625
0.22217662181743614
0.21485015913710812
0.27835771648084695
0.3684732436560998
0.49283819094828746
0.6046662159682272
0.5610153020221931
0.48832334889642076
0.43794303790340344
0.4379430379034035
0.48832334889642076
0.5610153020221933
0.6046662159682279
0.4928381909482874
0.3684732436560998
0.27835771648084695
0.21485015913710812
0.20149577240449687
0.25689194795110787
0.3330785617913201
0.4358619020686612
0.5589683360127418
0.5997735540854037
0.5610144210233046
0.5291882400155642
0.5291882400155642
0.5610144210233045
0.5997735540854039
0.5589683360127417
0.43586190206866127
0.3330785617913201
0.25689194795110787
0.20149577240449684
0.1841935531093874
0.22999161208536079
0.29039683701225294
0.3684730815658397
0.46303651611833674
0.5589676446979448
0.6046632583138922
0.5997675757614809
0.5997675757614809
0.6046632583138927
0.5589676446979448
0.46303651611833674
0.3684730815658397
0.2903968370122529
0.22999161208536079
0.1841935531093874
0.2014956670133467
0.24729064354072655
0.3034446607419444
0.36847288247837423
0.4358620252607731
0.49283802279262484
0.5251140930984091
0.5251140930984091
0.4928380227926249
0.4358620252607731
0.36847288247837423
0.30344466074194437
0.24729064354072655
0.20149566701334673
0.20796924794305738
0.2472904960364868
0.2903965041544741
0.33307798920758386
0.3684727919801347
0.3888049730857004
0.3888049730857004
0.3684727919801347
0.33307798920758386
0.29039650415447404
0.2472904960364868
0.20796924794305738
0.20149559088192184
0.2299914971770873
0.25689174338609794
0.27835725223400865
0.2903966299588293
0.2903966299588293
0.27835725223400865
0.256891743386098
0.2299914971770873
0.20149559088192182
0.18419342648719988
0.20149555957845866
0.21484999551599418
0.22217641809135513
0.22217641809135513
0.21484999551599418
0.2014955595784587
0.18419342648719988
0.3160619935526037
0.3358269465320338
0.3466162325745837
0.3466162325745837
0.3358269465320339
0.3160619935526037
0.31606177007847386
0.35808408984931356
0.39724163305659843
0.42815377896442725
0.44536808198133526
0.4453680819813352
0.42815377896442725
0.39724163305659843
0.35808408984931356
0.31606177007847386
0.3256588563695412
0.3833200184251929
0.4453675869277169
0.5057426564926139
0.555132538446978
0.5832796416919249
0.5832796416919249
0.5551325384469781
0.5057426564926139
0.4453675869277169
0.38332001842519287
0.3256588563695412
0.3160616179673502
0.38332006517769684
0.46392939581165016
0.5551317380835479
0.6480105388153244
0.7264385459290114
0.7717295292042293
0.7717295292042293
0.7264385459290112
0.6480105388153243
0.5551317380835479
0.4639293958116501
0.3833200651776968
0.31606161796735016
0.35808374322870756
0.44536756441295544
0.5551315310622269
0.6853172319397588
0.8213975545385972
0.9316162538353131
0.9849863752329507
0.9849863752329506
0.931616253835313
0.8213975545385972
0.6853172319397589
0.5551315310622269
0.44536756441295544
0.35808374322870756
0.3160616757772924
0.3972412115202152
0.5057418917226264
0.6480097685163184
0.82139660718484
0.9849872926974845
0.999621453904586
0.9743915187017889
0.974391518701789
0.999621453904586
0.9849872926974845
0.8213966071848399
0.6480097685163184
0.5057418917226264
0.3972412115202152
0.3160616757772924
0.3358269064937574
0.4281541063359027
0.5551309697067989
0.7264369832737871
0.9316177860681438
0.999625380287933
0.9350381567266695
0.8819867497822691
0.8819867497822691
0.9350381567266693
0.999625380287933
0.9316177860681438
0.7264369832737873
0.5551309697067989
0.4281541063359026
0.33582690649375735
0.3466158626716586
0.4453673284934271
0.5832776552056553
0.7717282149420528
0.9849864921646868
0.9743875494903563
0.8819882326431314
0.8138651433815004
0.8138651433815004
0.8819882326431315
0.9743875494903567
0.984986492164687
0.7717282149420529
0.5832776552056553
0.4453673284934271
0.34661586267165856
0.34661586267165856
0.44536732849342703
0.5832776552056553
0.7717282149420529
0.9849864921646869
0.9743875494903571
0.8819882326431314
0.8138651433815003
0.8138651433815004
0.8819882326431314
0.9743875494903576
0.9849864921646869
0.7717282149420529
0.5832776552056553
0.44536732849342703
0.34661586267165856
0.3358269064937574
0.4281541063359026
0.555130969706799
0.7264369832737873
0.9316177860681439
0.999625380287933
0.9350381567266696
0.8819867497822693
0.8819867497822692
0.9350381567266698
0.9996253802879334
0.9316177860681438
0.7264369832737871
0.555130969706799
0.4281541063359026
0.3358269064937574
0.3160616757772924
0.3972412115202152
0.5057418917226264
0.6480097685163184
0.8213966071848399
0.9849872926974845
0.9996214539045862
0.9743915187017889
0.9743915187017888
0.999621453904586
0.9849872926974845
0.8213966071848399
0.6480097685163184
0.5057418917226263
0.3972412115202152
0.3160616757772924
0.35808374322870756
0.4453675644129554
0.5551315310622269
0.6853172319397588
0.8213975545385971
0.931616253835313
0.9849863752329507
0.9849863752329506
0.931616253835313
0.8213975545385972
0.6853172319397589
0.5551315310622269
0.4453675644129554
0.35808374322870756
0.31606161796735016
0.3833200651776969
0.46392939581165016
0.5551317380835479
0.6480105388153243
0.7264385459290115
0.7717295292042293
0.7717295292042293
0.7264385459290115
0.6480105388153243
0.5551317380835479
0.46392939581165016
0.38332006517769684
0.3160616179673501
0.3256588563695412
0.3833200184251929
0.4453675869277169
0.5057426564926139
0.555132538446978
0.5832796416919249
0.5832796416919248
0.5551325384469781
0.5057426564926139
0.4453675869277169
0.3833200184251929
0.3256588563695412
0.31606177007847386
0.35808408984931356
0.3972416330565985
0.4281537789644272
0.4453680819813352
0.4453680819813352
0.4281537789644272
0.39724163305659843
0.3580840898493135
0.31606177007847386
0.31606199355260367
0.3358269465320338
0.3466162325745836
0.3466162325745836
0.3358269465320339
0.3160619935526037
0.42978636474753795
0.4424874366533653
0.4424874366533653
0.42978636474753795
0.45592302173330146
0.501319073704374
0.5366500049225269
0.5561403390071733
0.5561403390071733
0.5366500049225269
0.5013190737043739
0.45592302173330146
0.48526349901325283
0.5561394429421497
0.6235173114320103
0.6775953645667065
0.7080415468081798
0.7080415468081797
0.6775953645667065
0.6235173114320103
0.5561394429421497
0.4852634990132529
0.4852633020258375
0.5770126757946057
0.6775933488300643
0.7771857524216234
0.8597742610381587
0.9072165791508267
0.9072165791508265
0.8597742610381586
0.7771857524216234
0.6775933488300643
0.5770126757946057
0.4852633020258375
0.45592243138121985
0.5561388916708953
0.6775934769105919
0.8165902181712263
0.9594451190249649
1.080425147867741
1.1499617743052035
1.1499617743052035
1.080425147867741
0.9594451190249648
0.8165902181712263
0.6775934769105919
0.5561388916708953
0.4559224313812198
0.5013183029595819
0.6235151329476196
0.7771843566369241
0.9594496490155668
1.1499588313548623
1.3042644861679338
1.3789856297367544
1.3789856297367544
1.3042644861679336
1.1499588313548623
0.9594496490155668
0.777184356636924
0.6235151329476196
0.5013183029595819
0.42978604756629274
0.5366489331765409
0.6775933078163042
0.8597722365065847
1.0804229553113867
1.3042626043617447
1.4108900988495603
1.3994665068975631
1.3994665068975631
1.4108900988495616
1.3042626043617445
1.0804229553113864
0.8597722365065846
0.6775933078163041
0.5366489331765409
0.4297860475662927
0.44248634822801935
0.5561387681698712
0.7080392588246153
0.9072135688645545
1.1499582320091544
1.3789834924901325
1.3994667653374597
1.3641439071838886
1.3641439071838886
1.39946676533746
1.3789834924901325
1.1499582320091544
0.9072135688645546
0.7080392588246153
0.5561387681698712
0.44248634822801935
0.4424863482280193
0.5561387681698712
0.7080392588246154
0.9072135688645545
1.1499582320091544
1.3789834924901325
1.3994667653374595
1.3641439071838886
1.3641439071838886
1.39946676533746
1.3789834924901323
1.1499582320091544
0.9072135688645544
0.7080392588246154
0.5561387681698712
0.44248634822801935
0.4297860475662927
0.5366489331765409
0.6775933078163042
0.8597722365065846
1.0804229553113867
1.3042626043617447
1.4108900988495603
1.3994665068975631
1.3994665068975631
1.4108900988495616
1.3042626043617445
1.0804229553113864
0.8597722365065846
0.6775933078163042
0.5366489331765409
0.4297860475662927
0.5013183029595819
0.6235151329476196
0.7771843566369241
0.9594496490155668
1.1499588313548623
1.3042644861679338
1.3789856297367544
1.3789856297367544
1.3042644861679336
1.1499588313548623
0.959449649015567
0.7771843566369241
0.6235151329476196
0.5013183029595819
0.4559224313812198
0.5561388916708953
0.6775934769105919
0.8165902181712263
0.9594451190249648
1.080425147867741
1.1499617743052035
1.1499617743052035
1.080425147867741
0.9594451190249647
0.8165902181712263
0.6775934769105919
0.5561388916708953
0.4559224313812198
0.4852633020258375
0.5770126757946057
0.6775933488300643
0.7771857524216234
0.8597742610381587
0.9072165791508265
0.9072165791508267
0.8597742610381587
0.7771857524216234
0.6775933488300644
0.5770126757946057
0.4852633020258375
0.48526349901325283
0.5561394429421497
0.6235173114320103
0.6775953645667065
0.7080415468081797
0.7080415468081797
0.6775953645667065
0.6235173114320102
0.5561394429421496
0.48526349901325283
0.45592302173330146
0.501319073704374
0.5366500049225269
0.5561403390071733
0.5561403390071733
0.5366500049225269
0.501319073704374
0.4559230217333014
0.42978636474753795
0.4424874366533653
0.44248743665336526
0.42978636474753795
0.568912900843504
0.6044900583626083
0.6239110377280855
0.6239110377280855
0.6044900583626084
0.568912900843504
0.5525824722204201
0.6239102690222814
0.6899781325986256
0.7418742965623359
0.7706788068107072
0.7706788068107072
0.7418742965623358
0.6899781325986256
0.6239102690222813
0.5525824722204201
0.5525822462811476
0.6445523160775155
0.7418736517017349
0.8350752272169246
0.9103375826966194
0.9528785387773485
0.9528785387773485
0.9103375826966194
0.8350752272169246
0.7418736517017349
0.6445523160775154
0.5525822462811476
0.6239094329355531
0.7418730111101387
0.8711920784718579
0.9992393312336019
1.1054259689222565
1.1664222520651322
1.1664222520651322
1.1054259689222565
0.9992393312336019
0.8711920784718579
0.7418730111101386
0.623909432935553
0.5689118141985307
0.6899768051008215
0.8350739037112604
0.9992383506025584
1.166381353438359
1.3075924806107677
1.3891157141750041
1.3891157141750043
1.3075924806107677
1.166381353438359
0.9992383506025584
0.8350739037112604
0.6899768051008215
0.5689118141985307
0.604488491678613
0.7418720679058024
0.9103359889183362
1.105422466879007
1.3075895884647828
1.4785176438804206
1.5753567576784802
1.5753567576784804
1.4785176438804206
1.3075895884647828
1.1054224668790067
0.9103359889183361
0.7418720679058024
0.604488491678613
0.6239017406619347
0.7706664101146865
0.9528781307540141
1.1664190993154806
1.3891136252285528
1.5753531238072647
1.6769082078013482
1.676908207801348
1.5753531238072644
1.3891136252285525
1.1664190993154804
0.952878130754014
0.7706664101146865
0.6239017406619347
0.6239017406619347
0.7706664101146865
0.9528781307540142
1.1664190993154804
1.3891136252285528
1.5753531238072647
1.6769082078013482
1.676908207801348
1.5753531238072644
1.3891136252285525
1.1664190993154804
0.9528781307540141
0.7706664101146865
0.6239017406619347
0.604488491678613
0.7418720679058024
0.910335988918336
1.1054224668790067
1.3075895884647828
1.4785176438804206
1.5753567576784804
1.5753567576784804
1.4785176438804204
1.3075895884647828
1.1054224668790067
0.9103359889183361
0.7418720679058024
0.604488491678613
0.5689118141985307
0.6899768051008215
0.8350739037112604
0.9992383506025584
1.166381353438359
1.3075924806107677
1.3891157141750043
1.3891157141750043
1.3075924806107677
1.1663813534383587
0.9992383506025584
0.8350739037112604
0.6899768051008215
0.5689118141985307
0.623909432935553
0.7418730111101386
0.8711920784718579
0.9992393312336019
1.1054259689222565
1.1664222520651322
1.1664222520651322
1.1054259689222565
0.9992393312336019
0.8711920784718579
0.7418730111101387
0.6239094329355531
0.5525822462811476
0.6445523160775155
0.7418736517017349
0.8350752272169246
0.9103375826966192
0.9528785387773485
0.9528785387773485
0.9103375826966194
0.8350752272169246
0.7418736517017349
0.6445523160775154
0.5525822462811476
0.5525824722204201
0.6239102690222814
0.6899781325986256
0.7418742965623358
0.7706788068107073
0.7706788068107073
0.7418742965623358
0.6899781325986256
0.6239102690222813
0.5525824722204201
0.5689129008435039
0.6044900583626084
0.6239110377280855
0.6239110377280855
0.6044900583626084
0.568912900843504
0.7164514883611158
0.7625571691964421
0.7877868105160416
0.7877868105160416
0.762557169196442
0.7164514883611158
0.6753784501981818
0.7625566334834233
0.8433057993165388
0.9067340551972869
0.9419393322235559
0.9419393322235559
0.9067340551972869
0.8433057993165387
0.7625566334834232
0.6753784501981818
0.7625560451799341
0.8739324595806415
0.9798119735460944
1.0647929686185986
1.1126371242005875
1.1126371242005877
1.0647929686185986
0.9798119735460944
0.8739324595806415
0.7625560451799341
0.7164499347312541
0.8433046373232186
0.979811017821216
1.112635125073168
1.2212925155448016
1.2832163409282016
1.2832163409282014
1.2212925155448016
1.1126351250731683
0.979811017821216
0.8433046373232185
0.7164499347312541
0.7625556399815755
0.906732901796816
1.0647904302224525
1.2212910563954948
1.3510720662423288
1.4256246037095626
1.4256246037095628
1.3510720662423288
1.2212910563954948
1.0647904302224525
0.906732901796816
0.7625556399815754
0.787785071246944
0.9419380701808931
1.112633358760252
1.2832128750525897
1.425622704326536
1.5077000082704966
1.5077000082704966
1.425622704326536
1.2832128750525897
1.112633358760252
0.941938070180893
0.7877850712469439
0.7877850712469439
0.9419380701808931
1.1126333587602517
1.2832128750525897
1.425622704326536
1.5077000082704966
1.5077000082704966
1.425622704326536
1.2832128750525897
1.1126333587602517
0.9419380701808931
0.7877850712469439
0.7625556399815754
0.9067329017968159
1.0647904302224527
1.2212910563954948
1.3510720662423288
1.4256246037095628
1.4256246037095628
1.3510720662423288
1.2212910563954948
1.0647904302224525
0.906732901796816
0.7625556399815754
0.7164499347312541
0.8433046373232185
0.979811017821216
1.112635125073168
1.2212925155448016
1.2832163409282014
1.2832163409282014
1.2212925155448016
1.112635125073168
0.979811017821216
0.8433046373232186
0.7164499347312541
0.7625560451799342
0.8739324595806415
0.9798119735460945
1.0647929686185986
1.1126371242005875
1.1126371242005875
1.0647929686185986
0.9798119735460945
0.8739324595806415
0.7625560451799341
0.6753784501981818
0.7625566334834233
0.8433057993165388
0.906734055197287
0.9419393322235559
0.9419393322235559
0.9067340551972869
0.8433057993165388
0.7625566334834232
0.6753784501981818
0.7164514883611158
0.7625571691964421
0.7877868105160415
0.7877868105160417
0.7625571691964421
0.7164514883611158
0.8217619978384141
0.8731504730699695
0.9012026927638128
0.9012026927638128
0.8731504730699695
0.8217619978384141
0.8467140991961076
0.931019734639353
0.9966352450084734
1.0328315325177897
1.0328315325177895
0.9966352450084734
0.931019734639353
0.8467140991961077
0.8217611461244014
0.931018983387857
1.0328305234305328
1.1132021900903748
1.1579593445685246
1.1579593445685248
1.1132021900903748
1.0328305234305326
0.931018983387857
0.8217611461244013
0.8731495714076631
0.9966341197582451
1.1132013977769226
1.2062194205844758
1.2583890228588588
1.2583890228588588
1.2062194205844756
1.1132013977769226
0.9966341197582451
0.8731495714076631
0.9012018041265044
1.032830333572834
1.1579575899777603
1.2583880907805578
1.3149303813591586
1.3149303813591584
1.2583880907805578
1.15795758997776
1.032830333572834
0.9012018041265044
0.9012018041265044
1.032830333572834
1.15795758997776
1.2583880907805578
1.3149303813591586
1.3149303813591589
1.2583880907805578
1.15795758997776
1.032830333572834
0.9012018041265045
0.8731495714076631
0.9966341197582451
1.1132013977769224
1.2062194205844758
1.2583890228588586
1.2583890228588588
1.2062194205844758
1.1132013977769226
0.9966341197582451
0.8731495714076631
0.8217611461244014
0.9310189833878572
1.0328305234305328
1.113202190090375
1.1579593445685246
1.1579593445685246
1.113202190090375
1.0328305234305328
0.931018983387857
0.8217611461244014
0.8467140991961077
0.931019734639353
0.9966352450084734
1.0328315325177897
1.0328315325177897
0.9966352450084734
0.9310197346393528
0.8467140991961076
0.8217619978384141
0.8731504730699695
0.9012026927638129
0.9012026927638128
0.8731504730699696
0.8217619978384141
0.9209701116352526
0.9481863052263022
0.9481863052263022
0.9209701116352524
0.9481861938376555
1.0074825871631203
1.0398507558199102
1.0398507558199102
1.0074825871631203
0.9481861938376555
0.920969329880614
1.0074822186720045
1.0742542269128825
1.1108863847173793
1.1108863847173793
1.0742542269128823
1.0074822186720045
0.920969329880614
0.9481856383661753
1.0398503189680852
1.110885795200235
1.1499620474271302
1.1499620474271304
1.110885795200235
1.0398503189680852
0.9481856383661753
0.9481856383661753
1.0398503189680852
1.110885795200235
1.1499620474271304
1.1499620474271302
1.110885795200235
1.0398503189680852
0.9481856383661754
0.920969329880614
1.0074822186720045
1.0742542269128825
1.1108863847173793
1.1108863847173793
1.0742542269128823
1.0074822186720045
0.920969329880614
0.9481861938376555
1.0074825871631203
1.0398507558199104
1.0398507558199102
1.0074825871631203
0.9481861938376555
0.9209701116352526
0.9481863052263022
0.9481863052263022
0.9209701116352526